0 0 638
8 37 19
8 36 20
8 37 19
0 0 19
8 37 20
8 36 19
8 37 19
0 0 20
8 37 19
8 36 20
8 39 19
8 41 19
8 37 20
8 36 19
8 32 19
0 0 20
8 37 19
8 36 19
8 37 20
0 0 19
8 37 19
8 36 20
8 37 19
0 0 19
8 37 20
8 36 19
8 39 19
8 41 20
8 37 19
8 36 20
8 32 19
0 0 19
8 37 20
8 36 19
8 37 19
0 0 20
8 37 19
8 36 19
8 37 20
0 0 19
8 37 19
8 39 20
8 36 19
8 41 19
8 37 20
8 39 19
8 36 19
0 0 20
8 37 19
8 36 20
8 37 19
0 0 19
8 37 20
8 36 19
8 37 19
0 0 20
8 37 19
8 39 19
8 36 20
8 41 19
8 37 19
8 39 20
8 36 19
8 34 19
0 0 600
8 37 39
8 36 10
8 32 9
8 36 10
8 37 10
0 0 19
8 39 19
8 37 20
8 36 19
8 37 39
8 36 9
8 32 10
8 36 10
8 37 9
0 0 20
8 41 19
8 39 20
8 36 19
8 34 39
0 0 58
8 37 19
8 36 19
8 32 20
8 34 38
0 0 58
8 39 20
8 37 19
8 32 19
8 34 20
0 0 619
8 37 19
8 36 20
8 37 19
0 0 19
8 37 20
8 36 19
8 37 19
0 0 20
8 37 19
8 36 20
8 39 19
8 41 19
8 37 20
8 36 19
8 32 19
0 0 20
8 37 19
8 36 19
8 37 20
0 0 19
8 37 19
8 36 20
8 37 19
0 0 19
8 37 20
8 36 19
8 39 19
8 41 20
8 37 19
8 36 20
8 32 19
8 34 77
0 0 39
8 32 39
8 34 77
0 0 39
8 32 38
8 34 78
0 0 39
8 32 38
8 34 78
8 36 77
8 37 77
0 0 39
8 36 39
8 37 77
0 0 39
8 41 39
8 37 77
0 0 39
8 36 38
8 37 78
8 36 77
8 34 39
0 0 580
8 37 39
8 36 10
8 32 10
8 36 9
8 37 10
0 0 19
8 39 20
8 37 19
8 36 19
8 37 39
8 36 10
8 32 9
8 36 10
8 37 10
0 0 19
8 41 19
8 39 20
8 36 19
8 34 39
0 0 58
8 37 19
8 36 20
8 32 19
8 34 39
0 0 58
8 39 19
8 37 19
8 36 20
8 34 77


3 8 10
3 8 10
3 13 9
3 13 10
3 13 10
3 13 9
3 8 10
3 8 10
3 8 9
3 8 10
3 10 5
3 10 5
3 10 5
3 10 4
3 10 10
3 10 10
3 8 9
3 8 5
3 8 5
3 8 10
3 8 9
3 13 10
3 13 5
3 13 5
3 13 10
3 13 9
3 8 10
3 8 5
3 8 5
3 8 9
3 8 10
3 10 10
3 10 4
3 10 5
3 10 10
3 10 5
3 10 5
3 8 9
3 8 5
3 8 5
3 8 10
3 8 4
3 8 5
3 6 10
3 6 5
3 6 5
3 6 9
3 6 10
3 8 10
3 8 9
3 8 10
3 8 10
3 10 5
3 10 4
3 10 5
3 10 5
3 10 10
3 10 9
3 8 10
3 8 5
3 8 5
3 8 9
3 8 10
3 13 10
3 13 5
3 13 4
3 13 10
3 13 10
3 8 9
3 8 5
3 8 5
3 8 10
3 8 9
3 10 10
3 10 5
3 10 5
3 10 10
3 10 4
3 10 5
3 8 10
3 8 5
3 8 5
3 8 9
3 8 5
3 8 5
3 6 10
3 6 4
3 6 5
3 6 10
3 6 10
3 8 9
3 8 10
3 8 10
3 8 9
3 10 10
3 10 5
3 10 5
3 10 9
3 10 5
3 10 5
3 8 10
3 8 5
3 8 4
3 8 10
3 8 5
3 8 5
3 6 9
3 6 5
3 6 5
3 6 10
3 6 5
3 6 4
3 8 10
3 8 5
3 8 5
3 8 9
3 8 5
3 8 5
3 10 10
3 10 5
3 10 4
3 10 10
3 10 5
3 10 5
3 8 9
3 8 5
3 8 5
3 8 10
3 8 5
3 8 4
3 6 10
3 6 5
3 6 5
3 6 10
3 6 4
3 6 5
3 8 10
3 8 5
3 8 5
3 8 9
3 8 5
3 8 5
3 10 10
3 10 4
3 10 5
3 10 10
3 10 5
3 10 5
3 8 9
3 8 5
3 8 5
3 8 10
3 8 4
3 8 5
3 6 10
3 6 5
3 6 5
3 6 9
3 6 5
3 6 5
3 8 10
3 8 5
3 8 4
3 8 10
3 8 5
3 8 5
3 10 9
3 10 5
3 10 5
3 10 10
3 10 5
3 10 4
3 8 10
3 8 5
3 8 5
3 8 9
3 8 5
3 8 5
3 6 10
3 6 5
3 6 4
3 6 10
3 6 5
3 6 5
3 8 9
3 8 5
3 8 5
3 8 10
3 8 5
3 8 4
3 10 10
3 10 10
0 0 58
3 10 10
3 10 9
0 0 58
3 6 10
3 6 5
3 6 5
3 6 9
0 0 29
3 13 10
3 15 10
3 13 9
0 0 10
3 13 10
0 0 9
3 8 10
0 0 10
3 8 9
0 0 10
3 10 10
3 10 9
0 0 58
3 10 10
3 10 10
0 0 58
3 6 10
3 6 4
3 6 5
3 6 10
0 0 29
3 13 10
3 15 9
3 13 20
3 13 19
3 8 19
3 8 20
3 10 5
3 10 4
3 10 5
3 10 5
3 10 10
3 10 9
3 13 10
3 12 10
3 13 9
3 12 10
3 10 5
3 10 5
3 10 5
3 10 4
3 10 10
3 10 10
3 13 9
3 12 10
3 13 10
3 12 9
3 6 10
3 6 10
0 0 10
3 6 9
3 8 10
0 0 10
3 8 9
3 8 10
3 13 10
3 13 9
3 13 10
3 13 10
3 8 9
3 8 10
3 8 10
3 8 9
3 10 5
3 10 5
3 10 5
3 10 5
3 10 9
3 10 10
3 13 10
3 12 9
3 13 10
3 12 10
3 10 5
3 10 4
3 10 5
3 10 5
3 10 10
3 10 9
3 13 10
3 12 10
3 13 9
3 12 10
3 6 10
3 6 9
0 0 10
3 6 10
3 8 9
0 0 10
3 8 10
3 8 9
3 13 10
3 13 10
3 13 10
3 13 9
3 8 10
3 8 10
3 8 9
3 8 10
3 10 10
3 10 9
3 10 10
3 10 10
3 10 9
3 10 10
3 10 10
3 10 9
3 13 10
3 13 10
3 13 9
3 13 10
3 13 10
3 13 9
3 13 10
3 13 10
3 6 9
3 6 10
3 6 10
3 6 9
3 6 10
3 6 10
3 6 9
3 6 10
3 8 10
3 8 9
3 8 10
3 8 10
3 8 9
3 8 10
3 8 10
3 8 9
3 10 10
3 10 10
3 10 10
3 10 9
3 10 10
3 10 10
3 10 9
3 10 10
3 13 10
3 13 9
3 13 10
3 13 10
3 13 9
3 13 10
3 13 10
3 13 9
3 6 10
3 6 10
3 6 9
3 6 10
3 6 10
3 6 9
3 6 10
3 6 10
3 8 9
3 8 10
3 8 10
3 8 9
3 8 10
3 8 10
3 8 9
3 8 10
3 10 10
3 10 9
3 10 10
3 10 10
3 10 9
3 10 10
3 10 10
3 10 9
3 13 10
3 13 10
3 13 10
3 13 9
3 13 10
3 13 10
3 13 9
3 13 10
3 6 10
3 6 9
3 6 10
3 6 10
3 6 9
3 6 10
3 6 10
3 6 9
3 8 10
3 8 10
3 8 9
3 8 10
3 8 10
3 8 9
3 8 10
3 8 10
3 10 9
3 10 10
3 10 10
3 10 9
3 10 10
3 10 10
3 10 9
3 10 10
3 13 10
3 13 9
3 13 10
3 13 10
3 13 9
3 13 10
3 13 10
3 13 9
3 6 10
3 6 10
3 6 10
3 6 9
3 6 10
3 6 10
3 6 9
3 6 10
3 8 10
3 8 9
3 8 10
3 8 10
3 8 9
3 8 10
3 8 10
3 8 9
3 10 5
3 10 5
3 10 5
3 10 5
3 10 9
3 10 10
3 8 10
3 8 5
3 8 4
3 8 10
3 8 10
3 13 9
3 13 5
3 13 5
3 13 10
3 13 9
3 8 10
3 8 5
3 8 5
3 8 9
3 8 10
3 10 10
3 10 5
3 10 4
3 10 10
3 10 5
3 10 5
3 8 9
3 8 5
3 8 5
3 8 10
3 8 5
3 8 4
3 6 10
3 6 5
3 6 5
3 6 10
3 6 9
3 8 10
3 8 10
3 8 9
3 8 10
3 10 5
3 10 5
3 10 4
3 10 5
3 10 10
3 10 10
3 8 9
3 8 5
3 8 5
3 8 10
3 8 9
3 13 10
3 13 5
3 13 5
3 13 9
3 13 10
3 8 10
3 8 5
3 8 4
3 8 10
3 8 10
3 10 9
3 10 5
3 10 5
3 10 10
3 10 5
3 10 4
3 8 10
3 8 5
3 8 5
3 8 9
3 8 5
3 8 5
3 6 10
3 6 5
3 6 4
3 6 10
3 6 10
3 8 9
3 8 10
3 8 10
3 8 9
3 10 10
3 10 5
3 10 5
3 10 10
3 10 4
3 10 5
3 8 10
3 8 5
3 8 5
3 8 9
3 8 5
3 8 5
3 6 10
3 6 4
3 6 5
3 6 10
3 6 5
3 6 5
3 8 9
3 8 5
3 8 5
3 8 10
3 8 4
3 8 5
3 10 10
3 10 5
3 10 5
3 10 9
3 10 5
3 10 5
3 8 10
3 8 5
3 8 4
3 8 10
3 8 5
3 8 5
3 6 9
3 6 5
3 6 5
3 6 10
3 6 5
3 6 4
3 8 10
3 8 5
3 8 5
3 8 9
3 8 5
3 8 5
3 10 10
3 10 5
3 10 4
3 10 10
3 10 5
3 10 5
3 8 9
3 8 5
3 8 5
3 8 10
3 8 5
3 8 4
3 6 10
3 6 5
3 6 5
3 6 10
3 6 4
3 6 5
3 8 10
3 8 5
3 8 5
3 8 9
3 8 5
3 8 5
3 10 10
3 10 4
3 10 5
3 10 10
3 10 5
3 10 5
3 8 9
3 8 5
3 8 5
3 8 10
3 8 4
3 8 5
3 6 10
3 6 5
3 6 5
3 6 9
3 6 5
3 6 5
3 8 10
3 8 5
3 8 4
3 8 10
3 8 5
3 8 5
3 10 77

