1 0 64 95 0.0
0 0 64 0 27.500000000000004
1 0 64 95 0.0
0 0 64 0 13.750000000000002
1 0 67 95 0.0
0 0 67 0 13.750000000000002
1 0 66 95 0.0
0 0 66 0 13.750000000000002
1 0 64 95 0.0
0 0 64 0 13.750000000000002
1 0 62 95 0.0
0 0 62 0 27.500000000000004
1 0 64 95 0.0
0 0 64 0 55.00000000000001
1 0 62 95 0.0
0 0 62 0 27.500000000000004
1 0 62 95 0.0
0 0 62 0 13.750000000000002
1 0 60 95 0.0
0 0 60 0 13.750000000000002
1 0 59 95 0.0
0 0 59 0 13.750000000000002
1 0 62 95 0.0
0 0 62 0 13.750000000000002
1 0 60 95 0.0
0 0 60 0 27.500000000000004
1 0 60 95 0.0
0 0 60 0 27.500000000000004
1 0 59 95 0.0
0 0 59 0 55.00000000000001
1 0 64 95 0.0
0 0 64 0 27.500000000000004
1 0 64 95 0.0
0 0 64 0 13.750000000000002
1 0 67 95 0.0
0 0 67 0 13.750000000000002
1 0 66 95 0.0
0 0 66 0 13.750000000000002
1 0 64 95 0.0
0 0 64 0 13.750000000000002
1 0 62 95 0.0
0 0 62 0 27.500000000000004
1 0 64 95 0.0
0 0 64 0 55.00000000000001
1 0 66 95 0.0
0 0 66 0 13.750000000000002
1 0 67 95 0.0
0 0 67 0 27.500000000000004
1 0 67 95 0.0
0 0 67 0 27.500000000000004
1 0 69 95 0.0
0 0 69 0 55.00000000000001
1 0 66 95 0.0
0 0 66 0 41.25000000000001
1 0 67 95 0.0
0 0 67 0 13.750000000000002
1 0 66 95 0.0
0 0 66 0 13.750000000000002
1 0 64 95 0.0
0 0 64 0 13.750000000000002
1 0 62 95 0.0
0 0 62 0 13.750000000000002
1 0 66 95 0.0
0 0 66 0 13.750000000000002
1 0 67 95 0.0
0 0 67 0 27.500000000000004
1 0 67 95 0.0
0 0 67 0 27.500000000000004
1 0 66 95 0.0
0 0 66 0 55.00000000000001
1 0 64 95 0.0
0 0 64 0 41.25000000000001
1 0 67 95 0.0
0 0 67 0 13.750000000000002
1 0 66 95 0.0
0 0 66 0 13.750000000000002
1 0 64 95 0.0
0 0 64 0 13.750000000000002
1 0 62 95 0.0
0 0 62 0 13.750000000000002
1 0 64 95 0.0
0 0 64 0 13.750000000000002
1 0 67 95 0.0
0 0 67 0 27.500000000000004
1 0 67 95 0.0
0 0 67 0 27.500000000000004
1 0 66 95 0.0
0 0 66 0 55.00000000000001
1 0 64 95 0.0
0 0 64 0 41.25000000000001
1 0 67 95 0.0
0 0 67 0 13.750000000000002
1 0 66 95 0.0
0 0 66 0 13.750000000000002
1 0 64 95 0.0
0 0 64 0 13.750000000000002
1 0 62 95 0.0
0 0 62 0 27.500000000000004
1 0 64 95 0.0
0 0 64 0 27.500000000000004
1 0 64 95 0.0
0 0 64 0 27.500000000000004
1 0 64 95 0.0
0 0 64 0 41.25000000000001
1 0 62 95 0.0
0 0 62 0 27.500000000000004
1 0 62 95 0.0
0 0 62 0 13.750000000000002
1 0 60 95 0.0
0 0 60 0 13.750000000000002
1 0 59 95 0.0
0 0 59 0 13.750000000000002
1 0 62 95 0.0
0 0 62 0 13.750000000000002
1 0 60 95 0.0
0 0 60 0 27.500000000000004
1 0 60 95 0.0
0 0 60 0 27.500000000000004
1 0 59 95 0.0
0 0 59 0 41.25000000000001
1 0 72 95 68.75000000000001
0 0 72 0 27.500000000000004
1 0 67 95 0.0
0 0 67 0 27.500000000000004
1 0 67 95 0.0
0 0 67 0 27.500000000000004
1 0 72 95 0.0
0 0 72 0 6.875000000000001
1 0 71 95 0.0
0 0 71 0 6.875000000000001
1 0 69 95 0.0
0 0 69 0 6.875000000000001
1 0 72 95 0.0
0 0 72 0 6.875000000000001
1 0 71 95 0.0
0 0 71 0 27.500000000000004
1 0 67 95 0.0
0 0 67 0 27.500000000000004
1 0 67 95 0.0
0 0 67 0 55.00000000000001
1 0 67 95 0.0
0 0 67 0 13.750000000000002
1 0 69 95 0.0
0 0 69 0 27.500000000000004
1 0 62 95 0.0
0 0 62 0 27.500000000000004
1 0 62 95 0.0
0 0 62 0 27.500000000000004
1 0 69 95 0.0
0 0 69 0 6.875000000000001
1 0 71 95 0.0
0 0 71 0 6.875000000000001
1 0 69 95 0.0
0 0 69 0 6.875000000000001
1 0 67 95 0.0
0 0 67 0 6.875000000000001
1 0 69 95 0.0
0 0 69 0 6.875000000000001
1 0 71 95 0.0
0 0 71 0 20.625000000000004
1 0 64 95 0.0
0 0 64 0 27.500000000000004
1 0 64 95 0.0
0 0 64 0 27.500000000000004
1 0 64 95 123.75000000000001
0 0 64 0 27.500000000000004
1 0 64 95 0.0
0 0 64 0 13.750000000000002
1 0 67 95 0.0
0 0 67 0 13.750000000000002
1 0 66 95 0.0
0 0 66 0 13.750000000000002
1 0 64 95 0.0
0 0 64 0 13.750000000000002
1 0 62 95 0.0
0 0 62 0 27.500000000000004
1 0 64 95 0.0
0 0 64 0 41.25000000000001
1 0 62 95 0.0
0 0 62 0 27.500000000000004
1 0 62 95 0.0
0 0 62 0 13.750000000000002
1 0 60 95 0.0
0 0 60 0 13.750000000000002
1 0 59 95 0.0
0 0 59 0 13.750000000000002
1 0 62 95 0.0
0 0 62 0 13.750000000000002
1 0 60 95 0.0
0 0 60 0 27.500000000000004
1 0 60 95 0.0
0 0 60 0 27.500000000000004
1 0 59 95 0.0
0 0 59 0 41.25000000000001
1 0 64 95 0.0
0 0 64 0 27.500000000000004
1 0 64 95 0.0
0 0 64 0 13.750000000000002
1 0 67 95 0.0
0 0 67 0 13.750000000000002
1 0 66 95 0.0
0 0 66 0 13.750000000000002
1 0 64 95 0.0
0 0 64 0 13.750000000000002
1 0 62 95 0.0
0 0 62 0 27.500000000000004
1 0 64 95 0.0
0 0 64 0 41.25000000000001
1 0 64 95 0.0
0 0 64 0 13.750000000000002
1 0 67 95 0.0
0 0 67 0 27.500000000000004
1 0 67 95 0.0
0 0 67 0 27.500000000000004
1 0 69 95 0.0
0 0 69 0 41.25000000000001
1 0 66 95 0.0
0 0 66 0 27.500000000000004
1 0 66 95 0.0
0 0 66 0 13.750000000000002
1 0 67 95 0.0
0 0 67 0 13.750000000000002
1 0 66 95 0.0
0 0 66 0 13.750000000000002
1 0 64 95 0.0
0 0 64 0 13.750000000000002
1 0 62 95 0.0
0 0 62 0 13.750000000000002
1 0 64 95 0.0
0 0 64 0 13.750000000000002
1 0 67 95 0.0
0 0 67 0 27.500000000000004
1 0 67 95 0.0
0 0 67 0 27.500000000000004
1 0 66 95 0.0
0 0 66 0 41.25000000000001
1 0 66 95 0.0
0 0 66 0 27.500000000000004
1 0 66 95 0.0
0 0 66 0 13.750000000000002
1 0 67 95 0.0
0 0 67 0 13.750000000000002
1 0 66 95 0.0
0 0 66 0 13.750000000000002
1 0 64 95 0.0
0 0 64 0 13.750000000000002
1 0 62 95 0.0
0 0 62 0 13.750000000000002
1 0 64 95 0.0
0 0 64 0 13.750000000000002
1 0 67 95 0.0
0 0 67 0 27.500000000000004
1 0 67 95 0.0
0 0 67 0 27.500000000000004
1 0 66 95 0.0
0 0 66 0 41.25000000000001
1 0 64 95 0.0
0 0 64 0 41.25000000000001
1 0 64 95 0.0
0 0 64 0 13.750000000000002
1 0 67 95 0.0
0 0 67 0 13.750000000000002
1 0 66 95 0.0
0 0 66 0 13.750000000000002
1 0 64 95 0.0
0 0 64 0 13.750000000000002
1 0 62 95 0.0
0 0 62 0 27.500000000000004
1 0 64 95 0.0
0 0 64 0 27.500000000000004
1 0 64 95 0.0
0 0 64 0 27.500000000000004
1 0 64 95 0.0
0 0 64 0 41.25000000000001
1 0 67 95 0.0
0 0 67 0 27.500000000000004
1 0 65 95 0.0
0 0 65 0 13.750000000000002
1 0 64 95 0.0
0 0 64 0 13.750000000000002
1 0 65 95 0.0
0 0 65 0 27.500000000000004
1 0 64 95 0.0
0 0 64 0 41.25000000000001
1 0 64 95 0.0
0 0 64 0 27.500000000000004
1 0 64 95 0.0
0 0 64 0 13.750000000000002
1 0 67 95 0.0
0 0 67 0 13.750000000000002
1 0 66 95 0.0
0 0 66 0 13.750000000000002
1 0 64 95 0.0
0 0 64 0 13.750000000000002
1 0 62 95 0.0
0 0 62 0 27.500000000000004
1 0 64 95 0.0
0 0 64 0 27.500000000000004
1 0 64 95 0.0
0 0 64 0 41.25000000000001
1 0 67 95 0.0
0 0 67 0 13.750000000000002
1 0 69 95 0.0
0 0 69 0 13.750000000000002
1 0 67 95 0.0
0 0 67 0 13.750000000000002
1 0 66 95 0.0
0 0 66 0 13.750000000000002
1 0 69 95 0.0
0 0 69 0 13.750000000000002
1 0 67 95 0.0
0 0 67 0 13.750000000000002
1 0 64 95 0.0
0 0 64 0 13.750000000000002
1 0 66 95 0.0
0 0 66 0 27.500000000000004
1 0 64 95 0.0
0 0 64 0 110.0000000000001
