15 3 00000.00 00000.51 00000.00 00002.40
15 2 00000.00 00000.51 00000.00 00002.40
15 1 00000.00 00000.51 00000.00 00002.40
15 0 00000.00 00000.51 00000.00 00002.40
14 3 00000.11 00000.58 00000.20 00002.74
14 2 00000.11 00000.69 00000.24 00003.20
14 1 00000.14 00000.81 00000.30 00003.84
14 0 00000.19 00001.01 00000.38 00004.80
13 3 00000.22 00001.15 00000.42 00005.48
13 2 00000.26 00001.35 00000.45 00006.40
13 1 00000.31 00001.62 00000.56 00007.68
13 0 00000.37 00002.02 00000.70 00009.60
12 3 00000.43 00002.32 00000.80 00010.96
12 2 00000.49 00002.68 00000.92 00012.80
12 1 00000.61 00003.22 00001.12 00015.35
12 0 00000.73 00004.02 00001.40 00019.20
11 3 00000.85 00004.62 00001.56 00021.92
11 2 00000.97 00005.38 00001.84 00025.56
11 1 00001.13 00006.42 00002.20 00030.68
11 0 00001.45 00008.02 00002.76 00038.36
10 3 00001.70 00009.24 00003.12 00043.84
10 2 00001.94 00010.75 00003.68 00051.12
10 1 00002.26 00012.84 00004.40 00061.36
10 0 00002.90 00015.04 00005.52 00076.72
09 3 00003.39 00018.48 00006.24 00087.68
09 2 00003.87 00021.52 00007.36 00102.24
09 1 00004.51 00025.68 00008.80 00122.72
09 0 00005.79 00032.08 00011.04 00153.44
08 3 00006.78 00036.95 00012.48 00175.36
08 2 00007.74 00043.04 00014.72 00204.48
08 1 00009.02 00051.36 00017.60 00245.44
08 0 00011.58 00064.15 00022.08 00306.88
07 3 00013.57 00073.92 00024.96 00350.72
07 2 00015.49 00086.08 00029.44 00408.96
07 1 00018.05 00102.72 00035.20 00490.88
07 0 00023.17 00128.32 00044.16 00613.76
06 3 00027.14 00147.84 00049.92 00701.44
06 2 00030.98 00172.16 00058.88 00817.92
06 1 00036.10 00205.44 00070.40 00981.75
06 0 00046.34 00256.54 00088.32 01227.52
05 3 00054.27 00295.68 00099.84 01402.88
05 2 00061.95 00344.32 00117.76 01635.84
05 1 00072.19 00410.88 00140.80 01963.52
05 0 00092.67 00513.28 00176.54 02455.04
04 3 00108.54 00591.35 00199.68 02805.76
04 2 00123.90 00688.54 00235.52 03271.68
04 1 00144.38 00821.76 00281.60 03927.04
04 0 00185.34 01182.72 00353.28 04910.08
03 3 00217.09 01182.72 00399.36 05611.52
03 2 00247.81 01377.28 00471.04 06543.36
03 1 00288.77 01543.52 00563.20 07854.08
03 0 00370.69 02053.12 00706.56 09820.15
02 3 00434.18 02365.44 00798.72 11223.04
02 2 00495.62 02754.56 00942.08 13086.72
02 1 00577.54 03287.04 01126.40 15708.16
02 0 00741.38 04106.24 01413.12 19640.32
01 3 00868.35 04730.88 01597.44 22446.08
01 2 00991.23 05509.12 01884.15 26173.44
01 1 01155.07 06574.08 02252.80 31416.32
01 0 01482.75 08212.48 02826.24 39280.54