0 00 00.000
0 01 00.000
0 02 00.000
0 03 00.000
0 04 00.000
0 05 00.000
0 06 00.000
0 07 00.000
0 08 00.000
0 09 00.000
0 10 00.000
0 11 00.000
0 12 00.000
0 13 00.000
0 14 00.000
0 15 00.000
1 00 00.000
1 01 00.000
1 02 00.000
1 03 00.000
1 04 00.000
1 05 00.000
1 06 00.000
1 07 00.000
1 08 00.000
1 09 00.750
1 10 01.125
1 11 01.500
1 12 01.875
1 13 02.250
1 14 02.265
1 15 03.000
2 00 00.000
2 01 00.000
2 02 00.000
2 03 00.000
2 04 00.000
2 05 01.120
2 06 01.875
2 07 02.625
2 08 03.000
2 09 03.750
2 10 04.125
2 11 04.500
2 12 04.875
2 13 05.250
2 14 05.625
2 15 06.000
3 00 00.000
3 01 00.000
3 02 00.000
3 03 01.875
3 04 03.000
3 05 04.125
3 06 04.875
3 07 05.625
3 08 06.000
3 09 06.750
3 10 07.125
3 11 07.500
3 12 07.875
3 13 08.250
3 14 08.625
3 15 09.000
4 00 00.000
4 01 00.000
4 02 03.000
4 03 04.875
4 04 06.000
4 05 07.125
4 06 07.875
4 07 08.625
4 08 09.000
4 09 09.750
4 10 10.125
4 11 10.500
4 12 10.875
4 13 11.250
4 14 11.625
4 15 12.000
5 00 00.000
5 01 03.000
5 02 06.000
5 03 07.875
5 04 09.000
5 05 10.125
5 06 10.875
5 07 11.625
5 08 12.000
5 09 12.750
5 10 13.125
5 11 13.500
5 12 13.875
5 13 14.250
5 14 14.625
5 15 15.000
6 00 00.000
6 01 06.000
6 02 09.000
6 03 10.875
6 04 12.000
6 05 13.125
6 06 13.875
6 07 14.625
6 08 15.000
6 09 15.750
6 10 16.125
6 11 16.500
6 12 16.875
6 13 17.250
6 14 17.625
6 15 18.000
7 00 00.000
7 01 09.000
7 02 12.000
7 03 13.875
7 04 15.000
7 05 16.125
7 06 16.875
7 07 17.625
7 08 18.000
7 09 18.750
7 10 19.125
7 11 19.500
7 12 19.875
7 13 20.250
7 14 20.625
7 15 21.000