0 0 125
5 42 32
5 42 31
5 42 32
5 42 31
5 42 32
5 42 31
5 42 32
5 42 16
5 42 8
5 42 7
5 46 32
5 42 31
5 42 32
5 42 31
5 42 16
5 42 8
5 42 8
5 42 16
5 42 15
5 42 16
5 46 16
5 55 16
6 35 15
5 35 32
5 35 31
5 35 32
5 35 16
5 46 15
5 35 32
5 35 31
5 35 32
5 35 16
5 46 15
5 35 30
5 35 8
5 38 8
6 35 8
5 38 8
6 35 7
5 38 8
6 35 8
5 38 8
6 35 8
5 38 8
6 35 8
5 38 8
6 35 7
5 38 8
6 35 8
5 38 8
6 35 8
5 38 8
6 35 4
6 35 4
5 38 8
6 35 7
5 38 8
6 35 4
6 35 4
5 38 8
6 35 8
5 38 8
6 35 4
6 35 4
5 38 8
6 35 7
5 38 8
6 35 4
6 35 4
5 38 8
5 35 8
0 0 8
6 35 8
5 38 8
6 35 7
5 38 8
6 35 8
5 38 8
6 35 8
5 38 8
6 35 8
5 38 8
6 35 7
5 38 8
6 35 8
5 38 8
6 35 8
5 38 8
6 35 4
6 35 4
5 38 8
6 35 7
5 38 8
6 35 4
6 35 4
5 38 8
6 35 8
5 38 8
6 35 4
6 35 4
5 38 8
6 35 7
5 38 8
6 35 4
6 35 4
5 38 8
5 35 8
0 0 8
6 35 8
5 38 8
6 35 7
5 38 8
6 35 8
5 38 8
6 35 8
5 38 8
6 35 8
5 38 8
6 35 7
5 38 8
6 35 8
5 38 8
6 35 8
5 38 8
6 35 4
6 35 4
5 38 8
6 35 7
5 38 8
6 35 4
6 35 4
5 38 8
6 35 8
5 38 8
6 35 4
6 35 4
5 38 8
6 35 7
5 38 8
6 35 4
6 35 4
5 38 8
5 35 8
0 0 8
6 35 8
5 38 8
6 35 7
5 38 8
6 35 8
5 38 8
6 35 8
5 38 8
6 35 8
5 38 8
6 35 7
5 38 8
6 35 8
5 38 8
6 35 8
5 38 8
6 35 4
6 35 4
5 38 8
6 35 7
5 38 8
6 35 4
6 35 4
5 38 8
6 35 8
5 38 8
6 35 4
6 35 4
5 38 8
6 35 7
5 38 8
6 35 4
6 35 4
5 38 8
5 35 16
5 38 16
5 35 7
6 35 8
5 38 16
5 35 16
5 38 8
6 35 8
5 46 7
6 35 8
5 38 8
6 35 8
5 35 16
5 38 16
5 35 7
6 35 8
5 38 16
5 35 8
6 35 8
5 38 16
5 35 7
6 35 8
5 38 16
5 35 16
5 38 16
5 35 7
6 35 8
5 38 16
5 35 16
5 38 8
6 35 8
5 46 7
6 35 8
5 38 8
6 35 8
5 35 16
5 38 16
5 35 7
6 35 8
5 38 16
5 35 8
6 35 8
5 38 16
5 35 7
6 35 8
5 38 16
5 35 16
5 38 16
5 35 7
6 35 8
5 38 16
5 35 16
5 38 8
6 35 8
5 46 7
6 35 8
5 38 8
6 35 8
5 35 16
5 38 16
5 35 7
6 35 8
5 38 16
5 35 8
6 35 8
5 38 16
5 35 7
6 35 8
5 38 16
5 35 16
5 38 16
5 35 7
6 35 8
5 38 16
5 35 16
5 38 8
6 35 8
5 46 7
6 35 8
5 38 8
6 35 8
5 35 16
5 38 16
5 35 7
6 35 8
5 38 16
5 35 8
5 38 8
6 38 8
6 38 8
6 38 7
6 38 8
6 38 8
6 38 8
5 35 8
5 38 8
5 35 8
5 38 8
5 35 7
5 38 8
5 35 8
5 38 8
5 35 8
5 38 8
5 35 8
5 38 8
5 35 7
5 38 8
5 35 8
5 38 8
5 35 8
5 38 8
5 35 8
5 38 8
5 35 7
5 38 8
5 35 8
5 38 8
5 35 8
5 38 8
5 35 8
5 38 8
5 35 7
5 38 8
5 35 8
5 38 8
5 35 8
5 38 8
5 35 8
5 38 8
5 35 7
5 38 8
5 35 8
5 38 8
5 35 8
5 38 8
5 35 8
5 38 8
5 35 7
5 38 8
5 35 8
5 38 8
5 35 8
5 38 8
5 35 8
5 38 8
5 35 7
5 38 8
5 35 8
5 38 8
5 35 8
5 38 8
5 35 8
5 38 8
5 35 7
5 38 8
5 35 8
5 38 8
5 35 8
5 38 8
5 35 8
5 38 8
5 35 7
5 38 8
5 35 8
5 38 8
5 35 8
5 38 8
5 35 8
5 38 8
5 35 7
5 38 8
5 35 8
5 38 8
5 35 8
5 38 8
5 35 8
5 38 8
5 35 7
5 38 8
5 35 8
5 38 8
5 35 8
5 38 8
5 35 8
5 38 8
5 35 7
5 38 8
5 35 8
5 38 8
5 35 8
5 38 8
5 35 8
5 38 8
5 35 7
5 38 8
5 35 8
5 38 8
5 35 8
5 38 8
5 35 8
5 38 8
5 35 7
5 38 8
5 35 8
5 38 8
5 35 8
5 38 8
5 35 8
5 38 8
5 35 7
5 38 8
5 35 8
5 38 8
5 35 8
5 38 8
5 35 8
5 38 8
5 35 7
5 38 8
5 35 8
5 38 8
5 35 8
0 0 8
6 35 8
5 38 8
6 35 7
5 38 8
6 35 8
5 38 8
6 35 8
5 38 8
6 35 8
5 38 8
6 35 7
5 38 8
6 35 8
5 38 8
6 35 8
5 38 8
6 35 4
6 35 4
5 38 8
6 35 7
5 38 8
6 35 4
6 35 4
5 38 8
6 35 8
5 38 8
6 35 4
6 35 4
5 38 8
6 35 7
5 38 8
6 35 4
6 35 4
5 38 8
5 35 8
0 0 8
6 35 8
5 38 8
6 35 7
5 38 8
6 35 8
5 38 8
6 35 8
5 38 8
6 35 8
5 38 8
6 35 7
5 38 8
6 35 8
5 38 8
6 35 8
5 38 8
6 35 4
6 35 4
5 38 8
6 35 7
5 38 8
6 35 4
6 35 4
5 38 8
6 35 8
5 38 8
6 35 4
6 35 4
5 38 8
6 35 7
5 38 8
6 35 4
6 35 4
5 38 8
5 35 8
0 0 8
6 35 8
5 38 8
6 35 7
5 38 8
6 35 8
5 38 8
6 35 8
5 38 8
6 35 8
5 38 8
6 35 7
5 38 8
6 35 8
5 38 8
6 35 8
5 38 8
6 35 4
6 35 4
5 38 8
6 35 7
5 38 8
6 35 4
6 35 4
5 38 8
6 35 8
5 38 8
6 35 4
6 35 4
5 38 8
6 35 7
5 38 8
6 35 4
6 35 4
5 38 8
5 35 8
0 0 8
6 35 8
5 38 8
6 35 7
5 38 8
6 35 8
5 38 8
6 35 8
5 38 8
6 35 8
5 38 8
6 35 7
5 38 8
6 35 8
5 38 8
6 35 8
5 38 8
6 35 4
6 35 4
5 38 8
6 35 7
5 38 8
6 35 4
6 35 4
5 38 8
6 35 8
5 38 8
6 35 4
6 35 4
5 38 8
6 35 7
5 38 8
6 35 4
6 35 4
5 38 8
5 35 16
6 35 8
6 35 8
5 38 15
6 35 8
6 35 8
5 35 16
6 35 8
6 35 8
5 38 15
6 35 8
6 35 8
5 35 16
6 35 8
6 35 8
5 38 15
6 35 8
6 35 8
5 35 16
6 35 8
6 35 8
5 35 7
6 35 8
5 35 8
6 35 8
5 35 16
6 35 8
6 35 8
5 38 15
6 35 8
6 35 8
5 35 16
6 35 8
6 35 8
5 38 15
6 35 8
6 35 8
5 35 16
6 35 8
6 35 8
5 38 15
6 35 8
6 35 8
5 35 8
6 35 8
6 35 8
6 35 8
5 35 7
5 35 8
5 35 8
5 35 8
5 35 16
6 35 8
6 35 8
5 38 15
6 35 8
6 35 8
5 35 16
6 35 8
6 35 8
5 38 15
6 35 8
6 35 8
5 35 16
6 35 8
6 35 8
5 38 15
6 35 8
6 35 8
5 35 16
6 35 8
6 35 8
5 35 7
6 35 8
5 35 8
6 35 8
5 35 16
6 35 8
6 35 8
5 38 15
6 35 8
6 35 8
5 35 16
6 35 8
6 35 8
5 38 15
6 35 8
6 35 8
5 35 16
6 35 8
6 35 8
5 38 15
5 35 8
6 35 8
5 35 8
5 35 8
5 35 8
5 35 8
5 35 7
5 35 8
5 35 8
5 35 8
5 35 16
5 38 16
5 35 7
6 35 8
5 38 16
5 35 16
5 38 8
6 35 8
5 46 7
6 35 8
5 38 8
6 35 8
5 35 16
5 38 16
5 35 7
6 35 8
5 38 16
5 35 8
6 35 8
5 38 16
5 35 7
6 35 8
5 38 16
5 35 16
5 38 16
5 35 7
6 35 8
5 38 16
5 35 16
5 38 8
6 35 8
5 46 7
6 35 8
5 38 8
6 35 8
5 35 16
5 38 16
5 35 7
6 35 8
5 38 16
5 35 8
6 35 8
5 38 16
5 35 7
6 35 8
5 38 16
5 35 16
5 38 16
5 35 7
6 35 8
5 38 16
5 35 16
5 38 8
6 35 8
5 46 7
6 35 8
5 38 8
6 35 8
5 35 16
5 38 16
5 35 7
6 35 8
5 38 16
5 35 8
6 35 8
5 38 16
5 35 7
6 35 8
5 38 16
5 35 16
5 38 16
5 35 7
6 35 8
5 38 16
5 35 16
5 38 8
6 35 8
5 46 7
6 35 8
5 38 8
6 35 8
5 35 16
5 38 16
5 35 7
6 35 8
5 38 16
5 35 8
4 38 8
4 38 8
5 38 8
5 38 7
5 38 8
5 38 8
6 38 8
5 35 47
5 46 16
5 35 47
6 35 8
6 35 8
5 35 47
5 46 16
5 35 32
5 51 15
5 51 16
5 35 47
5 46 16
5 35 47
6 35 8
6 35 8
5 35 16
6 35 16
6 35 15
6 35 16
5 43 8
5 35 8
0 0 8
5 35 8
5 43 15
5 35 16
5 35 16
0 0 16
5 38 15
6 35 8
6 35 8
5 35 16
6 35 16
5 38 15
6 35 16
5 35 16
0 0 8
6 35 8
5 38 15
6 35 8
6 35 8
5 35 16
6 35 16
5 38 15
6 35 16
5 35 16
0 0 16
5 38 15
6 35 8
6 35 8
5 35 16
6 35 16
5 38 15
6 35 16
5 35 16
0 0 8
6 35 8
5 38 15
6 35 8
6 35 8
5 35 16
6 35 16
5 38 15
6 35 16
5 35 16
0 0 16
5 38 15
6 35 8
6 35 8
5 35 16
6 35 16
5 38 15
6 35 16
5 35 16
0 0 8
6 35 8
5 38 15
6 35 8
6 35 8
5 35 16
6 35 16
5 38 15
6 35 16
5 35 16
0 0 16
5 38 15
6 35 8
6 35 8
5 35 16
6 35 16
5 38 15
6 35 16
5 35 16
0 0 8
6 35 8
5 38 15
6 35 8
6 35 8
5 35 16
6 35 16
5 38 15
6 35 16
5 35 16
0 0 16
5 38 15
6 35 8
6 35 8
5 35 16
6 35 16
5 38 15
6 35 16
5 35 16
0 0 8
6 35 8
5 38 15
6 35 8
6 35 8
5 35 16
6 35 16
5 38 15
6 35 16
5 35 16
0 0 16
5 38 15
6 35 8
6 35 8
5 35 16
6 35 16
5 38 15
6 35 16
5 35 16
0 0 8
6 35 8
5 38 15
6 35 8
6 35 8
5 35 8
5 38 8
5 38 8
5 38 8
5 38 7
5 38 8
5 38 8
5 38 8
5 35 8
5 38 8
5 35 8
5 38 8
5 35 7
5 38 8
5 35 8
5 38 8
5 35 8
5 38 8
5 35 8
5 38 8
5 35 7
5 38 8
5 35 8
5 38 8
5 35 8
5 38 8
5 35 8
5 38 8
5 35 7
5 38 8
5 35 8
5 38 8
5 35 8
5 38 8
5 35 8
5 38 8
5 35 7
5 38 8
5 35 8
5 38 8
5 35 8
5 38 8
5 35 8
5 38 8
5 35 7
5 38 8
5 35 8
5 38 8
5 35 8
5 38 8
5 35 8
5 38 8
5 35 7
5 38 8
5 35 8
5 38 8
5 35 8
5 38 8
5 35 8
5 38 8
5 35 7
5 38 8
5 35 8
5 38 8
5 35 8
5 38 8
5 35 8
5 38 8
5 35 7
5 38 8
5 35 8
5 38 8
5 35 8
5 38 8
5 35 8
5 38 8
5 35 7
5 38 8
5 35 8
5 38 8
5 35 8
5 38 8
5 35 8
5 38 8
5 35 7
5 38 8
5 35 8
5 38 8
5 35 8
5 38 8
5 35 8
5 38 8
5 35 7
5 38 8
5 35 8
5 38 8
5 35 8
5 38 8
5 35 8
5 38 8
5 35 7
5 38 8
5 35 8
5 38 8
5 35 8
5 38 8
5 35 8
5 38 8
5 35 7
5 38 8
5 35 8
5 38 8
5 35 8
5 38 8
5 35 8
5 38 8
5 35 7
5 38 8
5 35 8
5 38 8
5 35 8
5 38 8
5 35 8
5 38 8
5 35 7
5 38 8
5 35 8
5 38 8
5 35 8
5 38 8
5 35 8
5 38 8
5 35 7
5 38 8
5 35 8
5 38 8
5 35 8
0 0 8
6 35 8
5 38 8
6 35 7
5 38 8
6 35 8
5 38 8
6 35 8
5 38 8
6 35 8
5 38 8
6 35 7
5 38 8
6 35 8
5 38 8
6 35 8
5 38 8
6 35 4
6 35 4
5 38 8
6 35 7
5 38 8
6 35 4
6 35 4
5 38 8
6 35 8
5 38 8
6 35 4
6 35 4
5 38 8
6 35 7
5 38 8
6 35 4
6 35 4
5 38 8
5 35 8
0 0 8
6 35 8
5 38 8
6 35 7
5 38 8
6 35 8
5 38 8
6 35 8
5 38 8
6 35 8
5 38 8
6 35 7
5 38 8
6 35 8
5 38 8
6 35 8
5 38 8
6 35 4
6 35 4
5 38 8
6 35 7
5 38 8
6 35 4
6 35 4
5 38 8
6 35 8
5 38 8
6 35 4
6 35 4
5 38 8
6 35 7
5 38 8
6 35 4
6 35 4
5 38 8
5 35 8
0 0 8
6 35 8
5 38 8
6 35 7
5 38 8
6 35 8
5 38 8
6 35 8
5 38 8
6 35 8
5 38 8
6 35 7
5 38 8
6 35 8
5 38 8
6 35 8
5 38 8
6 35 4
6 35 4
5 38 8
6 35 7
5 38 8
6 35 4
6 35 4
5 38 8
6 35 8
5 38 8
6 35 4
6 35 4
5 38 8
6 35 7
5 38 8
6 35 4
6 35 4
5 38 8
5 35 4
5 35 4
5 38 8
5 35 4
6 35 4
5 38 8
5 35 3
6 35 4
5 38 8
5 35 4
6 35 4
5 38 8
5 35 4
6 35 4
5 38 8
5 35 4
6 35 4
5 38 8
5 35 3
6 35 4
5 38 8
5 35 4
6 35 4
5 38 8
5 35 4
6 35 4
5 38 8
5 35 4
6 35 4
5 38 8
5 35 3
6 35 4
5 38 8
5 35 4
6 35 4
5 38 8
5 35 4
6 35 4
5 38 8
5 35 4
6 35 4
5 38 8
5 35 3
6 35 4
5 38 8
5 35 4
6 35 4
5 38 8
5 35 16

