01101100
01010111
01010111
01100110
01110101
01110111
01100101
01100111
01010111
01100111
01010111
01110111
01010110
01110101
01010111
01110110
01010101
01010101
01110111
01110101
01010101
01110101
01010111
01110111
01110101
01110101
01110111
01100111
01010110
01100111
01100110
01100101
01010111
01110111
01110101
01110101
01010111
01010101
01110111
01110101
01100110
01010101
01010111
01110111
01110111
01010101
01110110
01100101
01110101
01110110
01110101
01110101
01010111
01010111
01110101
01110111
01010101
01010111
01010111
01010101
01110111
01010110
01110111
01100111
01100101
01010111
01110110
01110111
01110101
01110111
01010101
01110101
01010111
01110111
01010111
01110101
01110111
01010101
01010111
01110111
01010101
01110110
01010111
01110111
01110101
01010111
01010110
01100110
01110111
01110101
01010101
01110110
01100110
01110111
01010111
01010101
01010111
01110101
01110110
01110101
01100110
01110101
01010111
01010101
01010111
01010101
01100111
01010111
01010111
01110101
01100101
01100110
01010111
01100111
01100111
01010101
01110111
01010110
01010101
01110111
01010110
01100111
01010101
01110101
01110111
01010101
01010101
01110111
01010111
01100101
01100111
01010111
01110111
01010110
01110101
01010111
01010111
01110101
01110111
01100101
01010111
01010101
01110110
01010111
01110111
01100101
01010111
01110111
01100101
01010101
01010111
01010111
01010101
01010111
01110111
01110111
01010101
01010111
01110101
01100110
01110111
01010101
01110111
01100101
01010101
01010111
01010111
01110101
01110101
01110101
01010110
01110111
01110110
01100111
01010111
01110111
01010111
01010111
01110111
01010101
01010111
01010101
01010111
01010111
01100101
01010111
01110101
01010111
01010101
01110111
01010110
01110111
01110110
01110101
01010110
01110101
01110111
01110101
01010111
01100101
01110111
01110101
01010101
01100111
01110101
01100111
01100101
01100101
01110111
01100101
01010110
01110101
01010111
01110111
01010101
01100110
01100110
01010101
01110111
01100101
01110111
01010111
01110111
01110110
01110111
01010101
01110110
01010101
01010111
01110101
01010101
01010111
01110101
01110101
01010111
01010101
01110111
01100110
01010101
01110111
01010101
01110101
01110111
01010101
01110111
01010101
01010111
01100111
01010101
01110111
01100111
01110101
01110111
01010111
01100110
01110111
01110101
01010111
01100111
01010101
01010101
01110111
01010111
01010101
01110111
01110101
01010101
01110101
01110110
01010111
01010101
01110110
01010111
01010111
01110110
01110101
01110111
01110101
01010111
01100111
01110110
01110101
01010111
01100110
01100111
01010101
01110101
01110111
01010111
01100111
01010101
01100111
01110111
01100111
01010111
01010110
01010101
01010111
01010111
01110110
01100101
01100111
01100111
01010111
01110110
01100111
01010101
01110111
01100101
01110101
01010111
01110101
01100111
01110101
01010101
01010111
01010101
01010101
01100111
01110101
01010111
01010111
01100101
01100111
01010111
01110111
01110111
01010101
01110111
01010101
01110101
01010111
01010101
01110101
01110111
01110110
01110101
01110111
01010111
01110101
01100101
01110111
01100111
01110101
01010101
01010111
01010111
01110110
01110110
01110101
01010111
01100110
01110111
01010111
01010101
01110111
01110110
01010111
01110101
01110101
01110110
01010111
01010101
01110111
10001000
10011001
10001001
10001000
10001000
10001000
10001000
01011000
01110111
10001000
10001000
10001000
10001000
10001000
10011000
10011001
10001000
01110111
10001011
10001000
10001000
10001000
10001000
10011000
10011001
10001000
10001000
10001000
10011000
10001001
10001000
10001000
10001000
10001000
00101000
01110111
10001000
10001000
10001000
10001000
10001000
10011000
10011001
10001000
01110111
10001101
10001000
10001000
10001000
10001000
10001000
10011001
10001000
10001000
10001000
10011001
10001001
10001000
10001000
01111000
01110111
10001010
10101001
10001001
01110111
01110111
10001000
10001000
10001000
10011001
10001001
01110110
01110111
10001000
10001000
10001000
10011001
10001001
10001000
10011001
10001001
10001000
10001000
01111000
01110111
10000101
10101001
10001001
01110001
01110111
10001000
10001000
10001000
10011001
10001001
01111011
01110111
10001000
10001000
10001000
10011001
10001001
10001000
10011001
10001001
10001000
10001000
01111000
11010111
10101000
10101011
01100111
01100101
10011000
10011001
10001001
10001000
01100111
11000111
10111001
10001010
01100110
01110110
10011001
10011001
10001001
10001000
10111010
10011001
01110111
01110111
10001100
10011000
10101010
01011000
01100110
10100111
10011010
10001000
01110111
01110111
11110111
10101001
10001010
01010110
01110110
10101001
10001001
10101010
10011011
01110111
01110111
10000000
10011000
10101010
10001000
01100110
10100111
10011010
10001000
01110111
01110111
00100111
11001010
01001001
00110011
11011000
01111011
11110101
11011000
01101100
01010100
10001100
10011001
10001001
01101011
01100100
11011100
11011001
00110011
11001010
10001010
01110100
01110111
10101000
10111010
10001010
11001101
01000101
01100100
10011000
10011001
10001000
01000110
11000110
10111100
00111000
10100100
10101100
10001000
01110111
10000111
10101000
10101100
11001000
11111100
01000101
10000110
10011001
10011001
01101000
01100100
11000100
10001101
00110011
10101100
10101011
01111000
01110111
10000111
11001010
10001010
11001001
01101100
01100100
10001001
10011001
10001001
01000110
01100100
11011100
11111000
00010011
11001010
10001010
01110110
01110111
10101000
10101100
10001001
11001101
01000110
00010101
10011000
10011001
01001000
01000110
11000110
10101101
00111001
10100100
10101100
11101000
01110111
10000111
10111010
10101100
11011000
00011100
01000101
10000110
10011001
10001001
01101000
01100100
11011100
10001101
01000011
10111010
10011011
01111000
01110111
10011000
11001010
10001010
11001101
01101100
01100100
10001000
10011001
10001000
01000110
11010110
11011100
00111000
00000100
11001010
10001010
01110111
00000111
10101000
10001100
11011101
01101100
01100100
10001000
10011001
10001001
01000110
00000101
11011100
00111000
00110100
11001010
10001010
01110100
01010111
10101000
10001100
11001100
01101100
01100100
10001000
10011001
10001001
01000101
00110101
11011100
00111000
01000100
11001010
10001010
01110000
01110111
10101000
10001100
11001011
01101100
01100100
10001000
10011001
10001001
01010001
01100100
11011100
00101000
01000011
11001010
10001010
01110111
01110111
10101000
10101000
11001100
01000110
10000110
10011000
10011001
01101000
01000101
11000110
10001101
00110010
10101111
10101100
01111000
01110111
10000111
10001010
11001010
01101100
01100100
10001000
10011001
10001001
01000110
01100100
11011100
00111000
11110011
11001010
10001010
01110111
01110111
10101000
11011000
11001100
01000110
10000110
10011000
10011001
01101000
01100100
11001101
10001101
01000011
10100000
10101100
01111000
01110111
10000000
10001010
11001101
01101100
01100100
10001000
10011001
10001000
01000110
11100110
11011100
00111000
10100100
11001010
10001010
01110111
00010111
10001000
11001101
01000110
01100100
10011000
10011001
10001000
01000110
11000110
10101100
00111010
10100100
10101100
10001010
01110111
11100111
10001000
11001101
01000110
11010101
10011000
10011001
01101000
01000110
11000110
10011101
00111101
10100100
10101100
00111000
01110111
10000111
10011000
11001100
01000110
10100110
10011000
10011001
01101000
01010100
11000110
10001101
00110011
10100010
10101100
01101000
01110111
10000111
11011000
01101100
01000110
10000110
10011001
10001001
01101000
01100100
11001101
10001101
01000011
10101010
10101100
01111000
01110111
10000000
11011000
01101100
01010100
10000110
10011001
10001001
01101000
01100100
11001100
10111010
01000011
11001010
10101010
01111000
01110111
10001000
11011000
01101100
01010100
10001100
10011001
10001001
01100110
01100100
11011100
11011001
00110011
11001010
10001010
01110100
01110111
10001000
11001101
01101100
01100100
10001001
10011001
10001001
01000110
01100101
11011100
00111000
00010011
11001010
10001010
01110111
00100111
10001000
11001101
01100110
01100100
10011000
10011001
10001000
01000110
11010110
11011100
00111000
10100100
11001100
10001010
01110111
11110111
10001000
11001101
01000110
01100101
10011000
10011001
10001000
01000110
11000110
10101100
00111011
10100100
10101100
10001000
01110111
10000111
10001000
11001101
01000110
10110101
10011000
10011001
01101000
01000101
11000110
10001101
00111110
10100011
10101100
01001000
01110111
10000111
11011000
11001100
01000110
10010110
10011000
10011001
01101000
01010100
11001110
10001101
01000011
10100001
10101100
01111000
01110111
10000010
11011000
01101100
01000110
10000110
10011001
10001001
01101000
01100100
11001100
10001010
01000011
11001010
10101100
01111000
01110111
10001111
11011000
01101100
01010100
10000110
10011001
10001001
01101001
01100100
11001100
11001001
01000011
11001010
10001010
01111000
01110111
10001000
11011001
01101100
01100100
10001011
10011001
10001001
01000110
01100100
11011100
11101000
00100011
11001010
10001010
01110101
01110111
10001000
11001101
01101100
01100100
10001000
10011001
10001001
01000110
11100110
11011100
00111000
00000100
11001010
10001010
01110111
00010111
10001000
11001101
01000110
01100100
10001000
10011001
10101010
00110101
11010111
10011011
01101000
01110111
01010110
11101001
01001011
11000011
10001000
11001101
01010110
01110110
01110111
11011010
10111010
00110100
11001000
10011010
10101000
01010111
10100101
11101101
01001010
10000100
10001001
11011000
01101100
01100101
01110111
10100111
10101101
01000100
10000011
10101100
10001001
01111010
01010101
11011010
11101011
01000100
10011000
10001000
11001101
01010110
01110110
01100111
11011010
01001010
00110011
11001000
10011010
10111001
00110111
10110110
10101100
01001110
01011001
10000011
11001011
01111011
10000111
01001101
11000101
10001101
01100110
01110110
10000110
10111110
01010101
10000101
10000111
11001010
01111101
01010010
10001001
11001010
01111011
10000111
01001010
11000101
10001101
01100010
01110110
10000110
10111110
01010010
10000101
10000111
11001001
01111100
01010010
10001010
11001001
01111011
10000111
01001000
11000101
10001101
01101110
01110110
10000110
10111101
01011111
10000101
01110110
11010110
01111100
01100101
00010110
11001000
01111011
01001001
00100011
11000110
10001010
10111000
00110111
10100110
10101010
10111010
00111001
10010100
10001001
11011000
11101010
01010011
10000111
10111100
11110100
01111101
01100010
10101100
10001010
01111011
01000011
10100001
10101010
10011011
00110010
10010100
10001000
10101101
00111010
01110101
10111000
11101011
10010110
00100111
11010110
10101100
10111000
01010111
01100011
10101010
10101010
11011001
01000011
10001001
11011001
10011110
01110100
11110110
11001000
10011010
01101010
01000010
10000111
11010111
11011101
01110110
00110111
11110110
10101011
10111010
00110111
01100101
01100111
11011011
10111001
10010110
10000100
10101011
10011001
01101010
01110010
00111000
11010111
01101101
01110111
00110110
11000110
10101010
11111010
00110111
01110110
01100110
11011011
01101001
11011101
10000001
10101100
10011001
01000010
01110010
01111000
11011101
01101101
01110111
01000011
10110010
10101010
01111011
00110011
01100110
10110110
10111100
10101001
00111000
10101000
10101011
10111010
01000101
01110110
01110101
10101101
10011001
01011011
10000011
01100101
11000001
10011010
01011011
00110011
01101000
11011000
10011011
10011000
10000101
10101100
10101010
01011011
01110100
01010110
11010111
10011010
00001010
00100100
01011000
11100111
10101010
10111001
00110101
10011111
10000110
10111101
10001000
01011101
11001000
10101010
10111010
01000101
01010111
01000101
10101101
10111001
00110101
10001101
01110100
10011101
10101001
01001100
01100111
11110100
10101001
11101000
01001001
01110110
10101011
10101011
01101100
01010110
10010100
10011001
11011010
10001010
01001000
01000100
01111000
11001010
10011011
10011010
01100100
01100110
10110001
10011011
10001100
01111000
10101011
10101011
01101111
01010110
10010100
10011001
11011011
10001010
01001000
01000100
01111000
10111010
10011010
10011001
01100100
01100110
10110110
10011011
10101100
01111010
10101011
10101011
01100010
01000101
10000100
10101000
11001011
10111001
01010111
01010101
01100011
10001001
10111100
10011011
01001011
01100110
00110110
10011010
10111000
01000001
10101011
10011100
11000110
01001000
01110101
00110110
10101100
11001010
01110111
01000110
10000001
10000110
10011110
10111001
01001100
11001000
00110011
01101010
11011011
11101010
10110111
11001010
10011001
10000111
01010100
01100111
10110011
10101010
01111100
01100111
00100110
01101000
10001000
10011110
11001011
11000010
00111100
10100011
10110101
10011011
01111001
10011010
10111100
10101001
01011000
00001000
00110101
01101010
10011101
10101010
01101100
01101010
01000100
01010110
10011000
10101001
10011001
10001010
01100111
01000100
01011000
01111000
10011101
11001001
10101001
01001000
10001011
01110011
01101010
11001101
10101001
01101100
00001100
01000101
01010111
10011000
10011001
10011011
10001010
01101110
01000110
01011000
00101000
10010000
11001001
10101001
10001000
10000101
01110011
11010000
11010101
10101001
01001100
10101110
01000110
01010111
10000011
10011001
10011011
10011001
01111010
01000110
01001000
10001011
10100111
11001001
10011011
10001010
10000101
01010000
10100011
11010110
10101001
11001011
10100110
01000110
01100101
10000101
10011001
10011010
10101001
01111000
01000110
10000100
10000101
11010111
10011001
10011011
10001010
10100101
00111110
10100111
11010110
10011100
11001010
10110110
01010001
01110100
10000101
10011001
10111001
10101001
01111000
01100110
10000100
10000101
11110011
10011001
10111010
10011001
10001001
10000110
01100110
10010001
10000101
10001001
10011010
10001000
01111011
10001000
01011000
01100111
11010111
10001000
10101001
10101010
10001001
10001000
01100111
01110111
10010110
10101001
10011011
10001001
01101001
01101000
10010110
01011000
10011000
10011000
10011010
10111000
10000111
11101000
01110101
01110110
10001001
10011000
10101010
10011010
10001000
01111000
01110110
11100111
10011001
10111010
10011001
10001001
10000110
01100100
10100000
10000111
01111001
10011001
10011001
10101000
10001001
10011000
10000111
00111000
01110111
10000111
10010111
10011001
10100111
10011000
10001001
10001000
10001000
10001010
10011000
01111010
10001000
10001000
01110111
01110111
00001100
10000011
10001001
10011001
10001001
10011000
01111001
10101001
01110111
01111000
11010111
10101000
10000111
10001001
10101001
10011001
10001010
10001000
10001000
10101000
10001000
11011001
10000111
10001000
01110111
01110111
10010111
00010001
10011000
10001000
10001000
10001000
10001001
01111001
10001000
01111001
10001000
11111000
10010011
01110111
10001000
10001000
10010111
10001000
10001000
10001000
10001001
10001000
10001000
10001000
10001001
10001000
10011000
10000111
10101000
10000111
10001000
11000110
10001000
01111000
10011000
10001000
10001001
10001001
10001000
01111000
10001001
01001000
10011110
10000111
01111000
10000100
10000111
10001000
10001000
10001000
10001001
10001001
10001000
10001001
10001000
10001000
10001000
10001000
10001000
10001000
10001000
10001000
10001000
10001000
10001000
10001000
10001000
10001000
10001000
10001000
10001000
10001000
10001000
10001000
10001000
10001000
10001000
10001000
10001000
10001000
10001000
10001000
10001000
10001000
10001000
10001000
10001000
10001000
10001000
10001000
10001000
10001000
10001000
10001000
10001000
10001000
10001000
10001000
10001000
10001000
10001000
10001000
10001000
10001000
10001000
10001000
10001000
10001000
10001000
10001000
10001000
10001000
10001000
10001000
10001000
10001000
10001000
10001000
10001000
10001000
10001000
10001000
10001000
10001000
10001000
10001000
10001000
10001000
10001000
10001000
10001000
10001000
10001000
10001000
10001000
10001000
10001000
10001000
10001000
10001000
10001000
10001000
10001000
10001000
10001000
10001000
10001000
10001000
10001000
10001000
10001000
10001000
10001000
10001000
10001000
10001000
10001000
10001000
10001000
10001000
10001000
10001000
10001000
10001000
10000101
10001000
10000011
10001100
10000010
11010101
01000101
10000001
10000010
10000101
10000101
11100101
10001011
11010010
01001011
01011000
00111100
11011000
00111000
01010101
00111000
00001000
01011000
01011000
10101111
01011000
10001111
00011000
10111110
00011000
10110101
10001000
10001110
10001000
10000101
10000101
10000101
10001001
11001111
10011001
10000000
10010101
11110000
10001000
10001000
10001000
10001000
10001000
10001000
10001000
10001000
10001000
10001000
10001000
10001000
10001000
10001000
10001000
10001000
10001000
10001000
10001000
10001000
10001000
10001000
10001000
10001000
10001000
10001000
10001000
10001000
10001000
10001000
10001000
10001000
10001000
10001000
10001000
10001000
10001000
10001000
10001000
10001000
10001000
10001000
10001000
10001000
10001000
10001000
10001000
10001000
10001000
10001000
10001000
10001000
10001000
10001000
10001000
10001000
10001000
10001000
10001000
10001000
10001000
10001000
10001000
10001000
10001000
10001000
10001000
10001000
10001000
10001000
10001000
10001000
10001000
10001000
10001000
10001000
10001000
10001000
10001000
10001000
10001000
10001000
10001000
10001000
10001000
10001000
10001000
10001000
10001000
10001000
10001000
10001000
10001000
10001000
10001000
10001000
10001000
10001000
10001000
10001000
10001000
10001000
10001000
10001000
10001000
10001000
10001000