A
01110
11011
10001
10011
11111
11001
10001
10001
B
11110
10011
10001
11110
11110
10001
10011
11110
C
01111
11000
10000
10000
10000
10000
11000
01111
D
11110
10011
10001
10001
10001
10001
10011
11110
E
11111
11000
10000
11100
11100
10000
11000
11111
F
11111
11000
10000
11100
11100
10000
10000
10000
G
01110
11001
10000
10111
10001
10001
11001
01110
H
10001
10001
10001
11111
10001
10001
10001
10001
I
01110
00100
00100
00100
00100
00100
00100
01110
J
01110
01010
00010
00010
00010
00010
10010
01100
K
10001
10010
10100
11000
11000
10100
10010
10001
L
10000
10000
10000
10000
10000
10000
10000
11111
M
11011
11011
10101
10101
10001
10001
10001
10001
N
10001
10001
11001
10101
10101
10011
10001
10001
O
01110
11011
10001
10001
10001
10001
11011
01110
P
11110
10001
10001
11110
10000
10000
10000
10000
Q
01110
11011
10001
10001
10001
10101
11010
01101
R
11110
10001
10001
11110
10100
10010
10010
10001
S
01110
10001
10000
01100
00110
00001
10001
01110
T
11111
10101
00100
00100
00100
00100
00100
01110
U
10001
10001
10001
10001
10001
10001
10001
01110
V
10001
10001
10001
10001
10001
10001
01010
00100
W
10001
10001
10001
10001
10101
10101
10101
01010
X
10001
11011
01010
00100
00100
01010
11011
10001
Y
10001
10001
01010
00100
00100
00100
00100
01110
Z
11111
00001
00010
00100
00100
01000
10000
11111
 
00000
00000
00000
00000
00000
00000
00000
00000
0
01110
10001
10001
10011
10101
11001
10001
01110
1
00010
00110
01010
00010
00010
00010
00010
00111
2
01110
10001
00001
00010
00100
01000
10000
11111
3
01110
10001
00001
00110
00110
00001
10001
01110
4
00100
01100
10000
10100
11111
00100
00100
00100
5
11111
10000
10000
11111
00001
00001
10001
01110
6
01110
10001
10000
11110
10001
10001
10001
01110
7
11111
00001
00010
00010
00100
00100
01000
01000
8
01110
10001
10001
01110
10001
10001
10001
01110
9
01110
10001
10001
01111
00001
00001
10001
01110
'
01000
01000
00000
00000
00000
00000
00000
00000
"
01010
01010
00000
00000
00000
00000
00000
00000
+
00000
00100
00100
00100
11111
00100
00100
00100
!
00100
00100
00100
00100
00100
00000
00100
00100
%
11001
11010
00010
00100
00100
01000
01011
10011
/
00001
00010
00010
00100
00100
01000
01000
10000
=
00000
00000
11111
00000
00000
11111
00000
00000
(
00110
01000
10000
10000
10000
10000
01000
00110
)
01100
00010
00001
00001
00001
00001
00010
01100
Ö
00000
01010
00000
01110
11011
10001
11011
01110
Ü
00000
01010
00000
10001
10001
10001
10001
01110
Ó
00010
00100
00000
01110
11011
10001
11011
01110
Õ
01010
01010
00000
01110
11011
10001
11011
01110
Ú
00010
00100
00000
10001
10001
10001
10001
01110
É
00010
00100
00000
11111
10000
11100
10000
11111
Á
00010
00100
00000
00100
01010
11111
10001
10001
,
00000
00000
00000
00000
00000
00000
01000
01000
.
00000
00000
00000
00000
00000
00000
00000
01000
_
00000
00000
00000
00000
00000
00000
00000
11111
^
00000
00100
01010
10001
00000
00000
00000
00000
\
10000
01000
01000
00100
00100
00010
00010
00001
*
00000
00000
10101
01110
11011
01110
10101
00000
|
00100
00100
00100
00100
00100
00100
00100
00100
Ä
00000
01010
00000
00100
01010
11111
10001
10001
€
00000
00111
01000
01110
01000
01110
01000
00111
Í
00010
00100
00000
01110
00100
00100
00100
01110
Ð
01110
01001
01001
11101
01001
01001
01001
01110
[
11110
10000
10000
10000
10000
10000
10000
11110
]
01111
00001
00001
00001
00001
00001
00001
01111
£
01000
01010
01100
01000
11000
01000
01000
01111
>
01000
00100
00010
00001
00001
00010
00100
01000
<
00010
00100
01000
10000
10000
01000
00100
00010
&
01100
10010
10010
01101
10010
10010
10010
01101
@
01110
10001
10101
11011
11011
10110
10001
01110
{
00111
01000
01000
10000
10000
01000
01000
00111
}
11100
00010
00010
00001
00001
00010
00010
11100
;
00000
00100
00100
00000
00000
00100
00100
01000
:
00000
00100
00100
00000
00000
00100
00100
00000
Û
01010
01010
00000
10001
10001
10001
10001
01110
$
00100
01110
10101
01100
00110
10101
01110
00100
-
00000
00000
00000
00000
01110
00000
00000
00000
÷
00000
00100
00000
00000
11111
00000
00000
00100
#
01010
01010
11111
01010
01010
11111
01010
01010