1 12
2 12
3 6
4 7
5 6
6 18
7 18
8 12
9 7
10 6
11 6
12 7
13 18
14 7
15 342
16 198
17 20
18 18
19 30
20 24
21 48
22 12
23 6
24 6
25 24
26 14
27 210
28 7
29 6
30 6
31 6
32 6
33 6
34 6
35 7
36 7
37 42
38 42
39 54
40 66
41 36
42 6
43 7
44 162
45 186
46 24
47 282
48 534
49 570
50 168
51 20
52 385
53 385
54 735
55 390
56 40
57 310
58 355
59 355
60 24
61 42
62 42
63 18
64 42
65 18
66 12
67 12
68 28
69 35
70 28
71 24
72 515
73 520
74 1165
75 710
76 475
77 460
78 350
79 6
80 6
81 80
82 12
83 5
84 6
85 6
86 15
87 180
88 200
89 440
90 255
91 175
92 175
93 24
94 144
95 24
96 12
97 60
98 72
99 12
100 12
101 14
102 14
103 25
104 15
105 15
106 15
107 6
108 12
109 6
110 6
111 24
112 36
113 20
114 115
115 10
116 10
117 10
118 10
119 10
120 12
121 12
122 10
123 240
124 240
125 560
126 580
127 355
128 215
129 215
130 190
131 35
132 40
133 30
134 10
135 10
136 10
137 12
138 288
139 114
140 228
141 18
142 168
143 36
144 54
145 24
146 12
147 42
148 24
149 36
150 12
151 6
152 50
153 60
154 60
155 50
156 6
157 6
158 20
159 24
160 60
161 18
162 21
163 14
164 5
165 6
166 18
167 12
168 12
169 14
170 30
171 14
172 12
173 5
174 5
175 15
176 20
177 20
178 10
179 10
180 10
181 20
182 10
183 12
184 10
185 55
186 45
187 10
188 18
189 5
190 5
191 6
192 12
193 12
194 12
195 10
196 7
197 7
198 12
199 5
200 5
201 6
202 5
203 6
204 7
205 12
206 6
207 7
208 6
209 6
210 6
211 6
212 6
213 6
214 6
215 42
216 25
217 18
218 12
219 12
220 30
221 6
222 42
223 36
224 36
225 5
226 5
227 5
228 5
229 5
230 6
231 6
232 6
233 6
234 12
235 54
236 54
237 6
238 6
239 6
240 18
241 6
242 5
243 6
244 6
245 6
246 6
247 6
248 6
249 6
250 6
251 6
252 5
253 0
254 18
255 10
256 10
257 10
258 10
259 27
260 20
261 10
262 10
263 10
264 10
265 10
266 10
267 20
268 10
269 10
270 200
271 297
272 27
273 27
274 27
275 10
276 36
277 9
278 20
279 18
280 10
281 9
282 10
283 20
284 20
285 20
286 10
287 10
288 9
289 9
290 10
291 10
292 9
293 10
294 9
295 10
296 10
297 11
298 10
299 30
300 60
301 63
302 60
303 81
304 50
305 54
306 10
307 10
308 10
309 30
310 10
311 243
312 120
313 70
314 40
315 36
316 290
317 801
318 550
319 130
320 252
321 36
322 32
323 616
324 616
325 616
326 64
327 40
328 496
329 560
330 568
331 456
332 36
333 36
334 60
335 63
336 10
337 30
338 60
339 10
340 30
341 20
342 18
343 110
344 30
345 30
346 20
347 20
348 33
349 44
350 30
351 36
352 824
353 832
354 1120
355 1032
356 744
357 736
358 504
359 560
360 9
361 9
362 9
363 128
364 18
365 20
366 8
367 9
368 9
369 9
370 24
371 24
372 288
373 320
374 408
375 368
376 280
377 280
378 18
379 36
380 40
381 18
382 18
383 96
384 27
385 108
386 70
387 27
388 56
389 81
390 18
391 18
392 18
393 11
394 22
395 10
396 40
397 18
398 8
399 24
400 24
401 16
402 16
403 8
404 9
405 9
406 10
407 9
408 10
409 10
410 36
411 9
412 30
413 30
414 72
415 36
416 32
417 168
418 184
419 16
420 16
421 560
422 8
423 16
424 16
425 8
426 8
427 8
428 16
429 16
430 18
431 18
432 20
433 16
434 18
435 18
436 18
437 16
438 384
439 384
440 896
441 568
442 512
443 344
444 344
445 264
446 304
447 56
448 40
449 64
450 64
451 40
452 48
453 8
454 16
455 16
456 16
457 16
458 8
459 9
460 18
461 80
462 171
463 110
464 50
465 342
466 30
467 27
468 140
469 252
470 50
471 54
472 90
473 20
474 36
475 20
476 18
477 70
478 63
479 20
480 36
481 20
482 20
483 20
484 18
485 210
486 10
487 9
488 54
489 54
490 90
491 81
492 9
493 9
494 9
495 36
496 18
497 36
498 36
499 18
500 30
501 22
502 11
503 20
504 9
505 9
506 9
507 27
508 18
509 18
510 20
511 20
512 20
513 18
514 48
515 20
516 20
517 18
518 8
519 8
520 8
521 8
522 32
523 32
524 16
525 18
526 16
527 16
528 16
529 16
530 16
531 16
532 16
533 18
534 18
535 18
536 16
537 72
538 72
539 16
540 16
541 27
542 27
543 30
544 8
545 8
546 8
547 9
548 9
549 9
550 18
551 20
552 18
553 18
554 9
555 9
556 11
557 11
558 10
559 18
560 18
561 11
562 11
563 8
564 8
565 8
566 9
567 8
568 10
569 10
570 9
571 9
572 9
573 10
574 10
575 10
576 10
577 10
578 10
579 10
580 20
581 10
582 9
583 10
584 10
585 10
586 10
587 9
588 10
589 10
590 10
591 9
592 10
593 9
594 9
595 60
596 36
597 40
598 9
599 27
600 27
601 18
602 18
603 20
604 18
605 40
606 10
607 9
608 40
609 50
610 54
611 50
612 54
613 9
614 18
615 10
616 10
617 9
618 8
619 8
620 8
621 8
622 8
623 8
624 8
625 8
626 9
627 9
628 10
629 10
630 9
631 10
632 10
633 18
634 20
635 20
636 81
637 50
638 10
639 9
640 10
641 10
642 9
643 10
644 9
645 27
646 9
647 9
648 9
649 18
650 9
651 9
652 9
653 10
654 10
655 10
656 9
657 10
658 9
659 10
660 10
661 9
662 10
663 9
664 8
665 9
666 10
667 9
668 9
669 8
670 0
671 13
672 14
673 13
674 14
675 13
676 26
677 14
678 13
679 14
680 13
681 13
682 14
683 13
684 14
685 26
686 14
687 13
688 14
689 260
690 36
691 26
692 36
693 13
694 13
695 12
696 13
697 26
698 26
699 13
700 13
701 13
702 13
703 14
704 26
705 28
706 14
707 13
708 14
709 13
710 12
711 13
712 13
713 13
714 13
715 13
716 13
717 13
718 14
719 14
720 14
721 14
722 14
723 39
724 78
725 78
726 78
727 78
728 65
729 65
730 65
731 13
732 14
733 13
734 14
735 91
736 13
737 39
738 13
739 13
740 156
741 156
742 91
743 91
744 52
745 52
746 39
747 377
748 676
749 715
750 169
751 169
752 169
753 48
754 48
755 44
756 847
757 418
758 88
759 55
760 55
761 682
762 429
763 770
764 627
765 627
766 48
767 48
768 39
769 65
770 78
771 13
772 14
773 39
774 70
775 13
776 13
777 14
778 39
779 26
780 26
781 26
782 91
783 143
784 39
785 39
786 39
787 39
788 26
789 28
790 28
791 45
792 42
793 39
794 48
795 1133
796 660
797 1397
798 880
799 539
800 990
801 693
802 693
803 770
804 12
805 12
806 12
807 12
808 176
809 24
810 26
811 14
812 11
813 12
814 12
815 12
816 12
817 33
818 33
819 33
820 396
821 231
822 506
823 308
824 176
825 385
826 24
827 24
828 52
829 26
830 24
831 24
832 132
833 36
834 36
835 26
836 91
837 36
838 36
839 484
840 77
841 77
842 108
843 108
844 130
845 24
846 24
847 24
848 24
849 14
850 15
851 14
852 13
853 55
854 24
855 24
856 11
857 11
858 33
859 22
860 22
861 22
862 22
863 11
864 11
865 12
866 12
867 13
868 13
869 13
870 13
871 13
872 13
873 12
874 12
875 39
876 39
877 39
878 39
879 96
880 96
881 48
882 48
883 44
884 231
885 231
886 253
887 209
888 22
889 22
890 22
891 759
892 429
893 341
894 11
895 11
896 22
897 11
898 11
899 11
900 11
901 11
902 11
903 22
904 22
905 22
906 24
907 24
908 26
909 26
910 65
911 22
912 22
913 24
914 24
915 26
916 24
917 24
918 22
919 528
920 528
921 770
922 704
923 704
924 462
925 473
926 363
927 363
928 418
929 77
930 55
931 55
932 88
933 88
934 88
935 55
936 55
937 66
938 11
939 11
940 22
941 22
942 22
943 11
944 11
945 11
946 11
947 12
948 12
949 26
950 104
951 130
952 143
953 65
954 65
955 52
956 39
957 39
958 13
959 182
960 26
961 65
962 78
963 117
964 26
965 26
966 52
967 26
968 26
969 13
970 91
971 91
972 26
973 26
974 26
975 26
976 26
977 26
978 26
979 26
980 26
981 26
982 26
983 156
984 52
985 273
986 13
987 13
988 12
989 52
990 72
991 108
992 13
993 12
994 12
995 13
996 48
997 26
998 24
999 48
1000 26
1001 26
1002 26
1003 28
1004 15
1005 15
1006 14
1007 26
1008 12
1009 13
1010 12
1011 12
1012 39
1013 26
1014 24
1015 26
1016 28
1017 26
1018 26
1019 24
1020 66
1021 28
1022 26
1023 26
1024 24
1025 11
1026 11
1027 11
1028 11
1029 11
1030 44
1031 44
1032 22
1033 24
1034 24
1035 24
1036 22
1037 22
1038 22
1039 22
1040 22
1041 22
1042 22
1043 24
1044 24
1045 24
1046 24
1047 22
1048 99
1049 77
1050 22
1051 22
1052 22
1053 36
1054 36
1055 26
1056 39
1057 24
1058 12
1059 11
1060 11
1061 11
1062 12
1063 12
1064 13
1065 13
1066 12
1067 26
1068 26
1069 24
1070 13
1071 12
1072 13
1073 13
1074 15
1075 15
1076 14
1077 13
1078 26
1079 24
1080 24
1081 14
1082 15
1083 15
1084 14
1085 11
1086 11
1087 11
1088 11
1089 12
1090 12
1091 11
1092 13
1093 13
1094 13
1095 13
1096 12
1097 13
1098 13
1099 13
1100 14
1101 13
1102 13
1103 14
1104 13
1105 14
1106 14
1107 26
1108 28
1109 13
1110 13
1111 13
1112 13
1113 13
1114 13
1115 13
1116 13
1117 14
1118 13
1119 13
1120 13
1121 13
1122 14
1123 13
1124 13
1125 13
1126 13
1127 13
1128 13
1129 12
1130 12
1131 13
1132 78
1133 208
1134 48
1135 48
1136 55
1137 12
1138 12
1139 36
1140 36
1141 24
1142 24
1143 26
1144 26
1145 13
1146 52
1147 13
1148 13
1149 13
1150 52
1151 65
1152 65
1153 65
1154 52
1155 65
1156 12
1157 12
1158 24
1159 24
1160 13
1161 13
1162 13
1163 13
1164 39
1165 12
1166 12
1167 11
1168 11
1169 11
1170 11
1171 11
1172 11
1173 11
1174 11
1175 11
1176 11
1177 11
1178 12
1179 12
1180 13
1181 13
1182 13
1183 13
1184 13
1185 13
1186 13
1187 13
1188 26
1189 26
1190 26
1191 26
1192 65
1193 65
1194 13
1195 13
1196 13
1197 13
1198 13
1199 13
1200 13
1201 13
1202 13
1203 12
1204 12
1205 39
1206 12
1207 12
1208 12
1209 12
1210 24
1211 24
1212 13
1213 12
1214 13
1215 12
1216 13
1217 13
1218 13
1219 13
1220 13
1221 13
1222 13
1223 13
1224 13
1225 13
1226 13
1227 13
1228 13
1229 13
1230 13
1231 13
1232 11
1233 11
1234 12
1235 12
1236 13
1237 13
1238 13
1239 13
1240 12
1241 12
1242 11
1243 0
1244 17
1245 17
1246 17
1247 17
1248 17
1249 17
1250 17
1251 17
1252 17
1253 17
1254 17
1255 17
1256 17
1257 17
1258 17
1259 17
1260 17
1261 17
1262 17
1263 32
1264 32
1265 32
1266 16
1267 16
1268 16
1269 16
1270 16
1271 32
1272 32
1273 17
1274 16
1275 17
1276 16
1277 17
1278 17
1279 17
1280 34
1281 18
1282 17
1283 17
1284 17
1285 16
1286 16
1287 16
1288 16
1289 16
1290 17
1291 16
1292 17
1293 16
1294 17
1295 17
1296 17
1297 18
1298 18
1299 17
1300 18
1301 17
1302 17
1303 96
1304 85
1305 96
1306 68
1307 80
1308 68
1309 80
1310 17
1311 17
1312 17
1313 17
1314 17
1315 85
1316 102
1317 112
1318 17
1319 16
1320 17
1321 16
1322 17
1323 192
1324 119
1325 112
1326 51
1327 64
1328 51
1329 48
1330 442
1331 832
1332 204
1333 208
1334 153
1335 208
1336 64
1337 60
1338 60
1339 56
1340 532
1341 56
1342 70
1343 70
1344 70
1345 868
1346 546
1347 546
1348 798
1349 798
1350 798
1351 60
1352 60
1353 48
1354 48
1355 374
1356 34
1357 80
1358 17
1359 17
1360 17
1361 51
1362 85
1363 17
1364 16
1365 17
1366 17
1367 17
1368 34
1369 34
1370 32
1371 34
1372 32
1373 17
1374 51
1375 112
1376 170
1377 51
1378 51
1379 48
1380 34
1381 34
1382 48
1383 34
1384 34
1385 34
1386 36
1387 36
1388 54
1389 51
1390 48
1391 60
1392 826
1393 812
1394 1092
1395 966
1396 686
1397 686
1398 882
1399 882
1400 882
1401 980
1402 15
1403 15
1404 15
1405 15
1406 15
1407 224
1408 30
1409 32
1410 17
1411 18
1412 14
1413 15
1414 15
1415 15
1416 15
1417 15
1418 42
1419 42
1420 42
1421 42
1422 294
1423 280
1424 392
1425 336
1426 224
1427 224
1428 30
1429 30
1430 32
1431 32
1432 32
1433 30
1434 30
1435 154
1436 45
1437 45
1438 16
1439 32
1440 34
1441 48
1442 45
1443 45
1444 616
1445 574
1446 98
1447 98
1448 98
1449 135
1450 135
1451 128
1452 160
1453 30
1454 30
1455 30
1456 30
1457 30
1458 17
1459 18
1460 18
1461 17
1462 16
1463 56
1464 30
1465 30
1466 32
1467 16
1468 14
1469 14
1470 14
1471 28
1472 28
1473 28
1474 28
1475 28
1476 14
1477 14
1478 14
1479 15
1480 15
1481 16
1482 16
1483 17
1484 16
1485 17
1486 16
1487 16
1488 15
1489 15
1490 51
1491 48
1492 51
1493 48
1494 48
1495 120
1496 120
1497 64
1498 60
1499 60
1500 56
1501 294
1502 294
1503 294
1504 322
1505 210
1506 266
1507 28
1508 28
1509 28
1510 28
1511 476
1512 532
1513 490
1514 434
1515 434
1516 14
1517 14
1518 14
1519 14
1520 14
1521 14
1522 14
1523 14
1524 14
1525 14
1526 14
1527 28
1528 28
1529 28
1530 28
1531 30
1532 30
1533 32
1534 32
1535 34
1536 68
1537 80
1538 80
1539 32
1540 14
1541 28
1542 28
1543 28
1544 30
1545 30
1546 32
1547 32
1548 32
1549 30
1550 30
1551 28
1552 672
1553 280
1554 882
1555 896
1556 700
1557 196
1558 588
1559 462
1560 462
1561 462
1562 532
1563 392
1564 98
1565 70
1566 70
1567 70
1568 112
1569 112
1570 112
1571 112
1572 70
1573 70
1574 70
1575 84
1576 14
1577 14
1578 14
1579 28
1580 28
1581 14
1582 14
1583 14
1584 14
1585 14
1586 14
1587 14
1588 56
1589 15
1590 15
1591 16
1592 32
1593 136
1594 160
1595 85
1596 80
1597 68
1598 64
1599 51
1600 48
1601 17
1602 16
1603 34
1604 32
1605 85
1606 96
1607 17
1608 32
1609 34
1610 64
1611 68
1612 34
1613 32
1614 17
1615 16
1616 34
1617 112
1618 34
1619 32
1620 34
1621 32
1622 17
1623 32
1624 34
1625 32
1626 34
1627 32
1628 34
1629 34
1630 32
1631 34
1632 32
1633 85
1634 192
1635 34
1636 85
1637 68
1638 64
1639 17
1640 16
1641 16
1642 16
1643 64
1644 75
1645 16
1646 16
1647 15
1648 16
1649 16
1650 60
1651 32
1652 32
1653 30
1654 32
1655 32
1656 32
1657 34
1658 17
1659 18
1660 19
1661 18
1662 17
1663 34
1664 15
1665 16
1666 16
1667 15
1668 16
1669 48
1670 32
1671 32
1672 32
1673 34
1674 34
1675 32
1676 32
1677 30
1678 84
1679 34
1680 34
1681 32
1682 32
1683 30
1684 14
1685 14
1686 14
1687 14
1688 14
1689 14
1690 56
1691 56
1692 28
1693 30
1694 30
1695 30
1696 30
1697 30
1698 28
1699 28
1700 28
1701 28
1702 28
1703 28
1704 28
1705 30
1706 30
1707 30
1708 30
1709 30
1710 28
1711 98
1712 98
1713 28
1714 28
1715 28
1716 28
1717 45
1718 45
1719 32
1720 32
1721 32
1722 15
1723 15
1724 14
1725 14
1726 14
1727 15
1728 15
1729 16
1730 16
1731 16
1732 16
1733 16
1734 32
1735 32
1736 16
1737 16
1738 16
1739 16
1740 17
1741 17
1742 18
1743 19
1744 18
1745 17
1746 17
1747 32
1748 32
1749 30
1750 32
1751 17
1752 18
1753 19
1754 18
1755 17
1756 14
1757 14
1758 14
1759 14
1760 14
1761 17
1762 16
1763 15
1764 15
1765 14
1766 16
1767 16
1768 17
1769 16
1770 16
1771 16
1772 17
1773 16
1774 17
1775 17
1776 17
1777 17
1778 17
1779 17
1780 18
1781 17
1782 17
1783 34
1784 34
1785 17
1786 16
1787 17
1788 16
1789 17
1790 17
1791 16
1792 17
1793 17
1794 16
1795 16
1796 17
1797 17
1798 17
1799 17
1800 16
1801 17
1802 16
1803 17
1804 17
1805 17
1806 17
1807 17
1808 16
1809 17
1810 17
1811 16
1812 17
1813 16
1814 17
1815 15
1816 15
1817 16
1818 16
1819 68
1820 256
1821 64
1822 60
1823 60
1824 70
1825 15
1826 15
1827 15
1828 45
1829 45
1830 30
1831 30
1832 32
1833 32
1834 17
1835 16
1836 68
1837 17
1838 16
1839 17
1840 16
1841 34
1842 119
1843 68
1844 80
1845 68
1846 80
1847 34
1848 64
1849 16
1850 15
1851 15
1852 30
1853 30
1854 30
1855 17
1856 16
1857 17
1858 17
1859 16
1860 17
1861 48
1862 16
1863 15
1864 15
1865 14
1866 14
1867 14
1868 14
1869 14
1870 14
1871 14
1872 14
1873 14
1874 14
1875 14
1876 14
1877 14
1878 14
1879 15
1880 15
1881 16
1882 16
1883 17
1884 17
1885 16
1886 17
1887 16
1888 17
1889 17
1890 16
1891 17
1892 32
1893 34
1894 32
1895 34
1896 80
1897 34
1898 17
1899 16
1900 17
1901 16
1902 17
1903 17
1904 16
1905 17
1906 16
1907 34
1908 17
1909 16
1910 17
1911 15
1912 15
1913 16
1914 48
1915 34
1916 17
1917 15
1918 15
1919 15
1920 15
1921 15
1922 30
1923 30
1924 32
1925 17
1926 16
1927 16
1928 16
1929 16
1930 16
1931 16
1932 17
1933 17
1934 16
1935 17
1936 17
1937 16
1938 17
1939 16
1940 17
1941 16
1942 17
1943 16
1944 17
1945 16
1946 34
1947 17
1948 17
1949 16
1950 17
1951 16
1952 17
1953 14
1954 14
1955 14
1956 14
1957 15
1958 15
1959 16
1960 17
1961 17
1962 16
1963 17
1964 16
1965 17
1966 16
1967 17
1968 16
1969 15
1970 15
1971 14
1972 0
1973 20
1974 21
1975 20
1976 21
1977 21
1978 20
1979 21
1980 20
1981 21
1982 21
1983 20
1984 21
1985 20
1986 21
1987 21
1988 20
1989 21
1990 20
1991 20
1992 20
1993 38
1994 20
1995 19
1996 19
1997 20
1998 19
1999 20
2000 38
2001 20
2002 20
2003 20
2004 20
2005 20
2006 21
2007 20
2008 21
2009 21
2010 21
2011 21
2012 20
2013 20
2014 20
2015 19
2016 20
2017 19
2018 19
2019 20
2020 20
2021 20
2022 20
2023 20
2024 20
2025 20
2026 21
2027 20
2028 21
2029 21
2030 22
2031 21
2032 21
2033 21
2034 21
2035 20
2036 100
2037 100
2038 80
2039 80
2040 80
2041 80
2042 20
2043 21
2044 20
2045 21
2046 20
2047 21
2048 100
2049 60
2050 120
2051 20
2052 20
2053 20
2054 20
2055 20
2056 20
2057 140
2058 140
2059 60
2060 60
2061 60
2062 60
2063 40
2064 520
2065 240
2066 240
2067 180
2068 180
2069 260
2070 76
2071 76
2072 72
2073 72
2074 17
2075 68
2076 51
2077 85
2078 85
2079 85
2080 612
2081 663
2082 527
2083 969
2084 969
2085 969
2086 72
2087 72
2088 57
2089 57
2090 40
2091 440
2092 400
2093 20
2094 40
2095 20
2096 21
2097 20
2098 21
2099 60
2100 84
2101 20
2102 20
2103 20
2104 21
2105 20
2106 21
2107 40
2108 40
2109 40
2110 40
2111 40
2112 20
2113 20
2114 60
2115 60
2116 60
2117 120
2118 200
2119 20
2120 60
2121 60
2122 60
2123 40
2124 40
2125 51
2126 20
2127 20
2128 40
2129 40
2130 40
2131 40
2132 42
2133 42
2134 44
2135 42
2136 63
2137 60
2138 57
2139 72
2140 986
2141 986
2142 1139
2143 833
2144 833
2145 476
2146 1071
2147 1071
2148 1071
2149 578
2150 18
2151 18
2152 18
2153 18
2154 18
2155 18
2156 255
2157 36
2158 38
2159 20
2160 21
2161 21
2162 17
2163 18
2164 18
2165 18
2166 18
2167 18
2168 18
2169 51
2170 51
2171 51
2172 51
2173 51
2174 340
2175 340
2176 408
2177 272
2178 272
2179 36
2180 36
2181 38
2182 19
2183 38
2184 38
2185 36
2186 36
2187 340
2188 187
2189 54
2190 54
2191 19
2192 19
2193 40
2194 40
2195 57
2196 57
2197 54
2198 54
2199 612
2200 697
2201 595
2202 102
2203 119
2204 119
2205 119
2206 108
2207 162
2208 152
2209 152
2210 160
2211 36
2212 36
2213 36
2214 36
2215 36
2216 36
2217 20
2218 21
2219 21
2220 21
2221 20
2222 19
2223 102
2224 68
2225 36
2226 36
2227 38
2228 19
2229 19
2230 19
2231 17
2232 17
2233 17
2234 17
2235 34
2236 34
2237 34
2238 34
2239 17
2240 17
2241 17
2242 17
2243 17
2244 18
2245 18
2246 19
2247 19
2248 20
2249 20
2250 20
2251 20
2252 19
2253 19
2254 18
2255 18
2256 17
2257 60
2258 60
2259 60
2260 60
2261 57
2262 57
2263 144
2264 144
2265 54
2266 40
2267 76
2268 76
2269 72
2270 72
2271 68
2272 170
2273 357
2274 357
2275 357
2276 255
2277 255
2278 187
2279 136
2280 34
2281 34
2282 34
2283 34
2284 34
2285 578
2286 578
2287 578
2288 527
2289 527
2290 442
2291 442
2292 17
2293 17
2294 17
2295 17
2296 17
2297 17
2298 17
2299 17
2300 17
2301 17
2302 17
2303 17
2304 34
2305 34
2306 34
2307 34
2308 34
2309 18
2310 36
2311 38
2312 38
2313 40
2314 40
2315 80
2316 80
2317 95
2318 95
2319 38
2320 38
2321 17
2322 17
2323 17
2324 34
2325 34
2326 34
2327 36
2328 36
2329 38
2330 38
2331 40
2332 38
2333 38
2334 36
2335 36
2336 34
2337 340
2338 289
2339 1071
2340 850
2341 782
2342 238
2343 238
2344 561
2345 561
2346 561
2347 561
2348 646
2349 476
2350 476
2351 51
2352 85
2353 85
2354 85
2355 85
2356 136
2357 136
2358 136
2359 136
2360 136
2361 51
2362 85
2363 85
2364 85
2365 102
2366 17
2367 17
2368 17
2369 17
2370 34
2371 17
2372 17
2373 17
2374 17
2375 17
2376 17
2377 17
2378 17
2379 17
2380 68
2381 34
2382 68
2383 68
2384 18
2385 18
2386 19
2387 19
2388 40
2389 160
2390 100
2391 100
2392 80
2393 80
2394 80
2395 60
2396 60
2397 20
2398 20
2399 20
2400 40
2401 40
2402 100
2403 20
2404 20
2405 40
2406 40
2407 80
2408 80
2409 80
2410 40
2411 40
2412 20
2413 20
2414 20
2415 40
2416 40
2417 40
2418 40
2419 40
2420 40
2421 40
2422 40
2423 20
2424 20
2425 40
2426 40
2427 40
2428 40
2429 40
2430 40
2431 40
2432 40
2433 40
2434 40
2435 40
2436 100
2437 40
2438 40
2439 100
2440 100
2441 80
2442 80
2443 20
2444 20
2445 19
2446 20
2447 19
2448 57
2449 19
2450 19
2451 19
2452 19
2453 19
2454 19
2455 38
2456 38
2457 38
2458 38
2459 38
2460 38
2461 38
2462 40
2463 21
2464 21
2465 22
2466 22
2467 21
2468 21
2469 40
2470 19
2471 19
2472 19
2473 19
2474 19
2475 19
2476 57
2477 38
2478 38
2479 40
2480 40
2481 40
2482 40
2483 38
2484 38
2485 36
2486 102
2487 20
2488 40
2489 40
2490 38
2491 38
2492 36
2493 17
2494 17
2495 17
2496 17
2497 17
2498 17
2499 17
2500 68
2501 68
2502 34
2503 36
2504 36
2505 36
2506 36
2507 36
2508 36
2509 34
2510 34
2511 34
2512 34
2513 34
2514 34
2515 34
2516 36
2517 36
2518 36
2519 36
2520 36
2521 36
2522 34
2523 119
2524 85
2525 34
2526 34
2527 34
2528 34
2529 34
2530 54
2531 54
2532 38
2533 38
2534 19
2535 19
2536 18
2537 18
2538 17
2539 17
2540 18
2541 18
2542 19
2543 19
2544 19
2545 20
2546 19
2547 20
2548 19
2549 38
2550 20
2551 19
2552 20
2553 19
2554 20
2555 20
2556 21
2557 21
2558 22
2559 22
2560 21
2561 21
2562 20
2563 38
2564 38
2565 38
2566 38
2567 38
2568 21
2569 21
2570 22
2571 22
2572 21
2573 21
2574 20
2575 17
2576 17
2577 17
2578 17
2579 17
2580 17
2581 20
2582 20
2583 19
2584 19
2585 18
2586 18
2587 17
2588 19
2589 19
2590 20
2591 20
2592 19
2593 20
2594 20
2595 20
2596 20
2597 20
2598 21
2599 21
2600 20
2601 21
2602 21
2603 21
2604 21
2605 20
2606 21
2607 40
2608 21
2609 20
2610 20
2611 20
2612 20
2613 20
2614 20
2615 20
2616 20
2617 20
2618 20
2619 20
2620 20
2621 19
2622 19
2623 20
2624 20
2625 21
2626 20
2627 21
2628 21
2629 20
2630 20
2631 20
2632 20
2633 20
2634 20
2635 21
2636 21
2637 20
2638 21
2639 20
2640 20
2641 20
2642 20
2643 20
2644 20
2645 20
2646 20
2647 20
2648 18
2649 18
2650 19
2651 19
2652 20
2653 80
2654 76
2655 76
2656 72
2657 72
2658 51
2659 18
2660 18
2661 18
2662 18
2663 54
2664 54
2665 36
2666 36
2667 38
2668 38
2669 20
2670 20
2671 20
2672 80
2673 20
2674 20
2675 20
2676 20
2677 20
2678 40
2679 80
2680 140
2681 80
2682 80
2683 80
2684 80
2685 40
2686 40
2687 19
2688 19
2689 18
2690 18
2691 34
2692 18
2693 36
2694 36
2695 36
2696 20
2697 20
2698 20
2699 20
2700 40
2701 20
2702 20
2703 20
2704 20
2705 19
2706 19
2707 18
2708 18
2709 17
2710 17
2711 17
2712 17
2713 17
2714 17
2715 17
2716 17
2717 17
2718 17
2719 17
2720 17
2721 17
2722 17
2723 17
2724 17
2725 17
2726 18
2727 18
2728 19
2729 19
2730 20
2731 20
2732 20
2733 20
2734 20
2735 20
2736 20
2737 20
2738 20
2739 20
2740 20
2741 20
2742 40
2743 40
2744 40
2745 40
2746 40
2747 40
2748 20
2749 20
2750 20
2751 20
2752 20
2753 20
2754 20
2755 20
2756 20
2757 20
2758 20
2759 20
2760 40
2761 20
2762 20
2763 20
2764 20
2765 60
2766 18
2767 18
2768 18
2769 19
2770 19
2771 60
2772 20
2773 20
2774 40
2775 20
2776 20
2777 18
2778 18
2779 18
2780 18
2781 18
2782 18
2783 36
2784 36
2785 38
2786 38
2787 20
2788 20
2789 20
2790 20
2791 19
2792 20
2793 19
2794 20
2795 19
2796 20
2797 20
2798 20
2799 20
2800 20
2801 20
2802 20
2803 20
2804 20
2805 20
2806 20
2807 20
2808 20
2809 20
2810 20
2811 20
2812 20
2813 40
2814 20
2815 20
2816 20
2817 20
2818 20
2819 20
2820 20
2821 20
2822 20
2823 20
2824 18
2825 34
2826 17
2827 17
2828 17
2829 17
2830 17
2831 17
2832 18
2833 18
2834 19
2835 19
2836 40
2837 20
2838 20
2839 20
2840 20
2841 20
2842 20
2843 20
2844 20
2845 20
2846 20
2847 20
2848 20
2849 19
2850 19
2851 18
2852 18
2853 17
2854 0
2855 24
2856 24
2857 24
2858 25
2859 24
2860 24
2861 24
2862 24
2863 25
2864 24
2865 24
2866 24
2867 24
2868 25
2869 24
2870 24
2871 24
2872 23
2873 24
2874 23
2875 23
2876 23
2877 22
2878 23
2879 23
2880 23
2881 23
2882 23
2883 23
2884 24
2885 23
2886 24
2887 24
2888 24
2889 24
2890 25
2891 24
2892 25
2893 24
2894 23
2895 24
2896 23
2897 23
2898 23
2899 22
2900 23
2901 23
2902 23
2903 23
2904 23
2905 23
2906 24
2907 23
2908 24
2909 24
2910 24
2911 24
2912 25
2913 25
2914 25
2915 25
2916 24
2917 25
2918 24
2919 24
2920 115
2921 72
2922 92
2923 72
2924 92
2925 24
2926 24
2927 24
2928 24
2929 24
2930 24
2931 24
2932 96
2933 48
2934 69
2935 24
2936 23
2937 24
2938 23
2939 24
2940 23
2941 24
2942 161
2943 72
2944 69
2945 48
2946 69
2947 48
2948 46
2949 240
2950 276
2951 192
2952 207
2953 216
2954 299
2955 92
2956 88
2957 88
2958 84
2959 21
2960 20
2961 60
2962 60
2963 100
2964 100
2965 80
2966 720
2967 620
2968 620
2969 1140
2970 1140
2971 640
2972 84
2973 84
2974 66
2975 66
2976 46
2977 46
2978 384
2979 460
2980 24
2981 23
2982 24
2983 24
2984 24
2985 24
2986 24
2987 48
2988 96
2989 24
2990 23
2991 24
2992 24
2993 24
2994 24
2995 24
2996 48
2997 48
2998 46
2999 48
3000 46
3001 24
3002 23
3003 24
3004 69
3005 72
3006 69
3007 48
3008 138
3009 144
3010 24
3011 23
3012 72
3013 69
3014 48
3015 46
3016 48
3017 63
3018 60
3019 23
3020 23
3021 24
3022 23
3023 48
3024 46
3025 48
3026 24
3027 48
3028 50
3029 50
3030 50
3031 48
3032 72
3033 69
3034 66
3035 84
3036 1160
3037 1160
3038 960
3039 980
3040 560
3041 560
3042 1260
3043 1260
3044 580
3045 660
3046 21
3047 21
3048 21
3049 21
3050 21
3051 21
3052 21
3053 300
3054 42
3055 44
3056 23
3057 24
3058 24
3059 24
3060 20
3061 21
3062 21
3063 21
3064 21
3065 21
3066 21
3067 21
3068 60
3069 60
3070 60
3071 60
3072 60
3073 60
3074 400
3075 400
3076 320
3077 320
3078 42
3079 42
3080 44
3081 22
3082 22
3083 44
3084 44
3085 42
3086 42
3087 380
3088 180
3089 220
3090 63
3091 63
3092 22
3093 22
3094 23
3095 46
3096 48
3097 48
3098 69
3099 66
3100 66
3101 63
3102 63
3103 680
3104 720
3105 700
3106 700
3107 120
3108 120
3109 140
3110 140
3111 100
3112 126
3113 126
3114 176
3115 176
3116 138
3117 184
3118 24
3119 42
3120 42
3121 42
3122 42
3123 42
3124 42
3125 42
3126 23
3127 24
3128 24
3129 24
3130 24
3131 23
3132 22
3133 120
3134 80
3135 42
3136 42
3137 44
3138 22
3139 22
3140 22
3141 22
3142 23
3143 20
3144 20
3145 20
3146 20
3147 20
3148 40
3149 40
3150 40
3151 20
3152 20
3153 20
3154 20
3155 20
3156 20
3157 20
3158 21
3159 21
3160 22
3161 22
3162 23
3163 23
3164 24
3165 23
3166 23
3167 22
3168 22
3169 21
3170 21
3171 20
3172 72
3173 69
3174 72
3175 69
3176 69
3177 66
3178 66
3179 168
3180 168
3181 63
3182 63
3183 46
3184 46
3185 92
3186 88
3187 88
3188 84
3189 84
3190 80
3191 200
3192 200
3193 420
3194 420
3195 280
3196 300
3197 220
3198 220
3199 140
3200 140
3201 40
3202 40
3203 40
3204 40
3205 40
3206 40
3207 680
3208 680
3209 600
3210 620
3211 520
3212 520
3213 500
3214 60
3215 20
3216 20
3217 20
3218 20
3219 20
3220 20
3221 20
3222 20
3223 20
3224 20
3225 20
3226 20
3227 20
3228 40
3229 40
3230 40
3231 40
3232 40
3233 40
3234 21
3235 21
3236 44
3237 44
3238 46
3239 46
3240 48
3241 96
3242 92
3243 92
3244 110
3245 110
3246 44
3247 44
3248 46
3249 20
3250 20
3251 20
3252 40
3253 20
3254 20
3255 40
3256 40
3257 20
3258 42
3259 42
3260 44
3261 44
3262 46
3263 46
3264 46
3265 44
3266 44
3267 42
3268 42
3269 40
3270 340
3271 340
3272 980
3273 920
3274 920
3275 280
3276 280
3277 260
3278 660
3279 660
3280 660
3281 660
3282 560
3283 560
3284 400
3285 200
3286 60
3287 40
3288 100
3289 100
3290 100
3291 100
3292 160
3293 160
3294 160
3295 160
3296 160
3297 160
3298 460
3299 60
3300 60
3301 100
3302 100
3303 100
3304 120
3305 20
3306 20
3307 20
3308 20
3309 20
3310 20
3311 20
3312 20
3313 20
3314 20
3315 20
3316 20
3317 20
3318 20
3319 20
3320 20
3321 80
3322 60
3323 40
3324 40
3325 80
3326 80
3327 21
3328 21
3329 22
3330 22
3331 23
3332 46
3333 96
3334 115
3335 96
3336 92
3337 96
3338 92
3339 72
3340 69
3341 24
3342 23
3343 24
3344 23
3345 48
3346 46
3347 24
3348 23
3349 24
3350 46
3351 48
3352 92
3353 96
3354 92
3355 96
3356 48
3357 46
3358 24
3359 23
3360 24
3361 23
3362 24
3363 46
3364 24
3365 46
3366 48
3367 46
3368 48
3369 46
3370 48
3371 46
3372 24
3373 23
3374 24
3375 46
3376 48
3377 46
3378 48
3379 46
3380 48
3381 48
3382 46
3383 48
3384 46
3385 48
3386 46
3387 48
3388 46
3389 24
3390 115
3391 72
3392 92
3393 24
3394 23
3395 23
3396 23
3397 23
3398 22
3399 23
3400 22
3401 22
3402 23
3403 22
3404 22
3405 23
3406 44
3407 44
3408 46
3409 44
3410 44
3411 46
3412 46
3413 24
3414 25
3415 25
3416 25
3417 25
3418 25
3419 24
3420 23
3421 23
3422 22
3423 22
3424 23
3425 22
3426 22
3427 46
3428 44
3429 46
3430 48
3431 46
3432 46
3433 46
3434 44
3435 44
3436 42
3437 120
3438 23
3439 23
3440 46
3441 46
3442 44
3443 44
3444 42
3445 40
3446 20
3447 20
3448 20
3449 20
3450 20
3451 20
3452 20
3453 20
3454 80
3455 40
3456 42
3457 42
3458 42
3459 42
3460 42
3461 42
3462 42
3463 40
3464 40
3465 40
3466 40
3467 40
3468 40
3469 40
3470 42
3471 42
3472 42
3473 42
3474 42
3475 42
3476 42
3477 40
3478 100
3479 100
3480 40
3481 40
3482 40
3483 40
3484 40
3485 42
3486 63
3487 44
3488 44
3489 22
3490 22
3491 22
3492 21
3493 21
3494 20
3495 21
3496 21
3497 22
3498 22
3499 22
3500 23
3501 23
3502 23
3503 23
3504 22
3505 23
3506 23
3507 23
3508 23
3509 22
3510 23
3511 24
3512 24
3513 25
3514 25
3515 25
3516 25
3517 25
3518 24
3519 23
3520 46
3521 44
3522 44
3523 46
3524 44
3525 44
3526 23
3527 24
3528 25
3529 25
3530 25
3531 25
3532 25
3533 24
3534 23
3535 23
3536 23
3537 20
3538 20
3539 20
3540 20
3541 20
3542 20
3543 20
3544 23
3545 23
3546 23
3547 22
3548 22
3549 21
3550 21
3551 21
3552 22
3553 22
3554 23
3555 23
3556 23
3557 23
3558 24
3559 23
3560 24
3561 23
3562 24
3563 25
3564 24
3565 24
3566 25
3567 24
3568 25
3569 24
3570 24
3571 24
3572 24
3573 24
3574 24
3575 24
3576 23
3577 24
3578 23
3579 24
3580 23
3581 24
3582 48
3583 24
3584 23
3585 24
3586 23
3587 24
3588 23
3589 24
3590 22
3591 22
3592 23
3593 23
3594 24
3595 24
3596 24
3597 24
3598 24
3599 24
3600 24
3601 24
3602 23
3603 24
3604 23
3605 24
3606 24
3607 24
3608 24
3609 24
3610 24
3611 24
3612 24
3613 24
3614 23
3615 24
3616 24
3617 23
3618 24
3619 23
3620 24
3621 23
3622 24
3623 21
3624 21
3625 22
3626 22
3627 23
3628 23
3629 92
3630 88
3631 88
3632 84
3633 63
3634 60
3635 21
3636 21
3637 21
3638 21
3639 21
3640 63
3641 63
3642 42
3643 42
3644 44
3645 44
3646 23
3647 23
3648 24
3649 23
3650 24
3651 23
3652 24
3653 23
3654 24
3655 23
3656 24
3657 92
3658 72
3659 92
3660 72
3661 92
3662 48
3663 46
3664 23
3665 22
3666 22
3667 21
3668 21
3669 40
3670 21
3671 21
3672 42
3673 42
3674 42
3675 23
3676 23
3677 24
3678 23
3679 24
3680 24
3681 48
3682 46
3683 48
3684 24
3685 23
3686 24
3687 23
3688 23
3689 22
3690 22
3691 21
3692 21
3693 20
3694 20
3695 20
3696 20
3697 20
3698 20
3699 20
3700 20
3701 20
3702 20
3703 20
3704 20
3705 20
3706 20
3707 20
3708 20
3709 20
3710 20
3711 20
3712 20
3713 21
3714 21
3715 22
3716 22
3717 23
3718 23
3719 24
3720 24
3721 23
3722 24
3723 23
3724 24
3725 23
3726 24
3727 23
3728 24
3729 23
3730 24
3731 46
3732 48
3733 46
3734 48
3735 46
3736 24
3737 23
3738 24
3739 23
3740 24
3741 23
3742 24
3743 23
3744 24
3745 23
3746 24
3747 23
3748 24
3749 23
3750 24
3751 23
3752 24
3753 23
3754 24
3755 69
3756 21
3757 21
3758 21
3759 21
3760 22
3761 22
3762 23
3763 69
3764 48
3765 24
3766 23
3767 24
3768 23
3769 24
3770 23
3771 24
3772 48
3773 21
3774 21
3775 21
3776 21
3777 21
3778 21
3779 21
3780 21
3781 42
3782 42
3783 44
3784 44
3785 46
3786 24
3787 23
3788 24
3789 23
3790 24
3791 23
3792 24
3793 23
3794 23
3795 23
3796 23
3797 23
3798 23
3799 23
3800 24
3801 24
3802 23
3803 24
3804 23
3805 24
3806 24
3807 23
3808 24
3809 23
3810 24
3811 23
3812 24
3813 23
3814 24
3815 23
3816 24
3817 23
3818 24
3819 23
3820 24
3821 24
3822 23
3823 24
3824 23
3825 24
3826 23
3827 24
3828 23
3829 24
3830 23
3831 23
3832 21
3833 21
3834 40
3835 40
3836 20
3837 20
3838 20
3839 20
3840 20
3841 20
3842 20
3843 20
3844 20
3845 20
3846 21
3847 21
3848 22
3849 22
3850 23
3851 48
3852 46
3853 24
3854 23
3855 24
3856 24
3857 23
3858 24
3859 23
3860 24
3861 24
3862 24
3863 23
3864 24
3865 23
3866 24
3867 23
3868 24
3869 23
3870 24
3871 23
3872 22
3873 22
3874 21
3875 21
3876 20
3877 0
3878 27
3879 28
3880 28
3881 28
3882 28
3883 27
3884 28
3885 28
3886 28
3887 28
3888 27
3889 28
3890 28
3891 28
3892 28
3893 27
3894 27
3895 27
3896 27
3897 27
3898 26
3899 26
3900 26
3901 26
3902 27
3903 26
3904 27
3905 26
3906 27
3907 27
3908 27
3909 28
3910 27
3911 28
3912 28
3913 28
3914 28
3915 28
3916 27
3917 27
3918 27
3919 27
3920 26
3921 26
3922 26
3923 26
3924 27
3925 26
3926 27
3927 26
3928 27
3929 27
3930 27
3931 28
3932 27
3933 28
3934 28
3935 29
3936 28
3937 29
3938 28
3939 28
3940 28
3941 28
3942 27
3943 81
3944 81
3945 81
3946 81
3947 27
3948 28
3949 27
3950 28
3951 27
3952 28
3953 27
3954 28
3955 108
3956 54
3957 54
3958 27
3959 27
3960 27
3961 27
3962 27
3963 27
3964 27
3965 27
3966 81
3967 81
3968 54
3969 54
3970 54
3971 54
3972 54
3973 270
3974 216
3975 216
3976 243
3977 243
3978 104
3979 104
3980 100
3981 100
3982 24
3983 24
3984 23
3985 69
3986 69
3987 115
3988 92
3989 92
3990 644
3991 713
3992 713
3993 1311
3994 736
3995 736
3996 96
3997 96
3998 75
3999 75
4000 52
4001 52
4002 54
4003 432
4004 378
4005 27
4006 27
4007 27
4008 28
4009 27
4010 28
4011 27
4012 28
4013 54
4014 84
4015 27
4016 27
4017 27
4018 28
4019 27
4020 28
4021 27
4022 28
4023 54
4024 54
4025 54
4026 54
4027 54
4028 27
4029 27
4030 27
4031 27
4032 81
4033 81
4034 54
4035 54
4036 54
4037 162
4038 27
4039 27
4040 27
4041 81
4042 54
4043 54
4044 54
4045 54
4046 72
4047 72
4048 69
4049 26
4050 26
4051 27
4052 27
4053 27
4054 54
4055 54
4056 54
4057 27
4058 28
4059 56
4060 58
4061 56
4062 56
4063 54
4064 81
4065 78
4066 75
4067 96
4068 1334
4069 1058
4070 1104
4071 644
4072 644
4073 644
4074 1449
4075 667
4076 644
4077 759
4078 24
4079 24
4080 24
4081 24
4082 24
4083 24
4084 24
4085 24
4086 345
4087 48
4088 50
4089 26
4090 27
4091 27
4092 27
4093 27
4094 23
4095 24
4096 24
